17.322
17.363
17.405
17.447
17.488
17.53
17.572
17.613
17.655
17.697
17.738
17.78
17.822
17.863
17.905
17.947
17.988
18.03
18.072
18.113
18.155
18.197
18.238
18.28
18.322
18.363
18.405
18.447
18.488
18.53
18.572
18.613
18.655
18.697
18.738
18.78
18.822
18.863
18.905
18.947
18.988
19.03
19.072
19.113
19.155
19.197
19.238
19.28
19.322
19.363
19.405
19.447
19.488
19.53
19.572
19.613
19.655
19.697
19.738
19.78
19.822
19.863
19.905
19.947
19.988
20.03
20.072
20.113
20.155
20.197
20.238
20.28
20.322
20.363
20.405
20.447
20.488
20.53
20.572
20.613
20.655
20.697
20.738
20.78
20.822
20.863
20.905
20.947
20.988
21.03
21.072
21.113
21.155
21.197
21.238
21.28
21.322
21.363
21.405
21.447
21.488
21.53
21.572
21.613
21.655
21.697
21.738
21.78
21.822
21.863
21.905
21.947
21.988
22.03
22.072
22.113
22.155
22.197
22.238
22.28
22.322
22.363
22.405
22.447
22.488
22.53
22.572
22.613
22.655
22.697
22.738
22.78
22.822
22.863
22.905
22.947
22.988
23.03
23.072
23.113
23.155
23.197
23.238
23.28
23.322
23.363
23.405
23.447
23.488
23.53
23.572
23.613
23.655
23.697
23.738
23.78
23.822
23.863
23.905
23.947
23.988
24.03
24.072
24.113
24.155
24.197
24.238
24.28
24.322
24.363
24.405
24.447
24.488
24.53
24.572
24.613
24.655
24.697
24.738
24.78
24.822
24.863
24.905
24.947
24.988
25.03
25.072
25.113
25.155
25.197
25.238
25.28
25.322
25.363
25.405
25.447
25.488
25.53
25.572
25.613
25.655
25.697
25.738
25.78
25.822
25.863
25.905
25.947
25.988
26.03
26.072
26.113
26.155
26.197
26.238
26.28
26.322
26.363
26.405
26.447
26.488
26.53
26.572
26.613
26.655
26.697
26.738
26.78
26.822
26.863
26.905
26.947
26.988
27.03
27.072
27.113
27.155
27.197
27.238
27.28
27.322
27.363
27.405
27.447
27.488
27.53
27.572
27.613
27.655
27.697
27.738
27.78
27.822
27.863
27.905
27.947
27.988
28.03
28.072
28.113
28.155
28.197
28.238
28.28
28.322
28.363
28.405
28.447
28.488
28.53
28.572
28.613
28.655
28.697
28.738
28.78
28.822
28.863
28.905
28.947
28.988
29.03
29.072
29.113
29.155
29.197
29.238
29.28
29.322
29.363
29.405
29.447
29.488
29.53
0.042
0.083
0.125
0.167
0.208
0.25
0.292
0.333
0.375
0.417
0.458
0.5
0.542
0.583
0.625
0.667
0.708
0.75
0.792
0.833
0.875
0.917
0.958
1
1.042
1.083
1.125
1.167
1.208
1.25
1.292
1.333
1.375
1.417
1.458
1.5
1.542
1.583
1.625
1.667
1.708
1.75
1.792
1.833
1.875
1.917
1.958
2
2.042
2.083
2.125
2.167
2.208
2.25
2.292
2.333
2.375
2.417
2.458
2.5
2.542
2.583
2.625
2.667
2.708
2.75
2.792
2.833
2.875
2.917
2.958
3
3.042
3.083
3.125
3.167
3.208
3.25
3.292
3.333
3.375
3.417
3.458
3.5
3.542
3.583
3.625
3.667
3.708
3.75
3.792
3.833
3.875
3.917
3.958
4
4.042
4.083
4.125
4.167
4.208
4.25
4.292
4.333
4.375
4.417
4.458
4.5
4.542
4.583
4.625
4.667
4.708
4.75
4.792
4.833
4.875
4.917
4.958
5
5.042
5.083
5.125
5.167
5.208
5.25
5.292
5.333
5.375
5.417
5.458
5.5
5.542
5.583
5.625
5.667
5.708
5.75
5.792
5.833
5.875
5.917
5.958
6
6.042
6.083
6.125
6.167
6.208
6.25
6.292
6.333
6.375
6.417
6.458
6.5
6.542
6.583
6.625
6.667
6.708
6.75
6.792
6.833
6.875
6.917
6.958
7
7.042
7.083
7.125
7.167
7.208
7.25
7.292
7.333
7.375
7.417
7.458
7.5
7.542
7.583
7.625
7.667
7.708
7.75
7.792
7.833
7.875
7.917
7.958
8
8.042
8.083
8.125
8.167
8.208
8.25
8.292
8.333
8.375
8.417
8.458
8.5
8.542
8.583
8.625
8.667
8.708
8.75
8.792
8.833
8.875
8.917
8.958
9
9.042
9.083
9.125
9.167
9.208
9.25
9.292
9.333
9.375
9.417
9.458
9.5
9.542
9.583
9.625
9.667
9.708
9.75
9.792
9.833
9.875
9.917
9.958
10
10.042
10.083
10.125
10.167
10.208
10.25
10.292
10.333
10.375
10.417
10.458
10.5
10.542
10.583
10.625
10.667
10.708
10.75
10.792
10.833
10.875
10.917
10.958
11
11.042
11.083
11.125
11.167
11.208
11.25
11.292
11.333
11.375
11.417
11.458
11.5
11.542
11.583
11.625
11.667
11.708
11.75
11.792
11.833
11.875
11.917
11.958
12
12.042
12.083
12.125
12.167
12.208
12.25
12.292
12.333
12.375
12.417
12.458
12.5
12.542
12.583
12.625
12.667
12.708
12.75
12.792
12.833
12.875
12.917
12.958
13
13.042
13.083
13.125
13.167
13.208
13.25
13.292
13.333
13.375
13.417
13.458
13.5
13.542
13.583
13.625
13.667
13.708
13.75
13.792
13.833
13.875
13.917
13.958
14
14.042
14.083
14.125
14.167
14.208
14.25
14.292
14.333
14.375
14.417
14.458
14.5
14.542
14.583
14.625
14.667
14.708
14.75
14.792
14.833
14.875
14.917
14.958
15
15.042
15.083
15.125
15.167
15.208
15.25
15.292
15.333
15.375
15.417
15.458
15.5
15.542
15.583
15.625
15.667
15.708
15.75
15.792
15.833
15.875
15.917
15.958
16
16.042
16.083
16.125
16.167
16.208
16.25
16.292
16.333
16.375
16.417
16.458
16.5
16.542
16.583
16.625
16.667
16.708
16.75
16.792
16.833
16.875
16.917
16.958
17
17.042
17.083
17.125
17.167
17.208
17.25
17.292
17.333
17.375
17.417
17.458
17.5
17.542
17.583
17.625
17.667
17.708
17.75
17.792
17.833
17.875
17.917
17.958
18
18.042
18.083
18.125
18.167
18.208
18.25
18.292
18.333
18.375
18.417
18.458
18.5
18.542
18.583
18.625
18.667
18.708
18.75
18.792
18.833
18.875
18.917
18.958
19
19.042
19.083
19.125
19.167
19.208
19.25
19.292
19.333
19.375
19.417
19.458
19.5
19.542
19.583
19.625
19.667
19.708
19.75
19.792
19.833
19.875
19.917
19.958
20
20.042
20.083
20.125
20.167
20.208
20.25
20.292
20.333
20.375
20.417
20.458
20.5
20.542
20.583
20.625
20.667
20.708
20.75
20.792
20.833
20.875
20.917
20.958
21
21.042
21.083
21.125
21.167
21.208
21.25
21.292
21.333
21.375
21.417
21.458
21.5
21.542
21.583
21.625
21.667
21.708
21.75
21.792
21.833
21.875
21.917
21.958
22
22.042
22.083
22.125
22.167
22.208
22.25
22.292
22.333
22.375
22.417
22.458
22.5
22.542
22.583
22.625
22.667
22.708
22.75
22.792
22.833
22.875
22.917
22.958
23
23.042
23.083
23.125
23.167
23.208
23.25
23.292
23.333
23.375
23.417
23.458
23.5
23.542
23.583
23.625
23.667
23.708
23.75
23.792
23.833
23.875
23.917
23.958
24
24.042
24.083
24.125
24.167
24.208
24.25
24.292
24.333
24.375
24.417
24.458
24.5
24.542
24.583
24.625
24.667
24.708
24.75
24.792
24.833
24.875
24.917
24.958
25
25.042
25.083
25.125
25.167
25.208
25.25
25.292
25.333
25.375
25.417
25.458
25.5
25.542
25.583
25.625
25.667
25.708
25.75
25.792
25.833
25.875
25.917
25.958
26
26.042
26.083
26.125
26.167
26.208
26.25
26.292
26.333
26.375
26.417
26.458
26.5
26.542
26.583
26.625
26.667
26.708
26.75
26.792
26.833
26.875
26.917
26.958
27
27.042
27.083
27.125
27.167
27.208
27.25
27.292
27.333
27.375
27.417
27.458
27.5
27.542
27.583
27.625
27.667
27.708
27.75
27.792
27.833
27.875
27.917
27.958
28
28.042
28.083
28.125
28.167
28.208
28.25
28.292
28.333
28.375
28.417
28.458
28.5
28.542
28.583
28.625
28.667
28.708
28.75
28.792
28.833
28.875
28.917
28.958
29
29.042
29.083
29.125
29.167
29.208
29.25
29.292
29.333
29.375
29.417
29.458
29.5
29.542
29.583
0.038
0.079
0.121
0.163
0.204
0.246
0.288
0.329
0.371
0.413
0.454
0.496
0.538
0.579
0.621
0.663
0.704
0.746
0.788
0.829
0.871
0.913
0.954
0.996
1.038
1.079
1.121
1.163
1.204
1.246
1.288
1.329
1.371
1.413
1.454
1.496
1.538
1.579
1.621
1.663
1.704
1.746
1.788
1.829
1.871
1.913
1.954
1.996
2.038
2.079
2.121
2.163
2.204
2.246
2.288
2.329
2.371
2.413
2.454
2.496
2.538
2.579
2.621
2.663
2.704
2.746
2.788
2.829
2.871
2.913
2.954
2.996
3.038
3.079
3.121
3.163
3.204
3.246
3.288
3.329
3.371
3.413
3.454
3.496
3.538
3.579
3.621
3.663
3.704
3.746
3.788
3.829
3.871
3.913
3.954
3.996
4.038
4.079
4.121
4.163
4.204
4.246
4.288
4.329
4.371
4.413
4.454
4.496
4.538
4.579
4.621
4.663
4.704
4.746
4.788
4.829
4.871
4.913
4.954
4.996
5.038
5.079
5.121
5.163
5.204
5.246
5.288
5.329
5.371
5.413
5.454
5.496
5.538
5.579
5.621
5.663
5.704
5.746
5.788
5.829
5.871
5.913
5.954
5.996
6.038
6.079
6.121
6.163
6.204
6.246
6.288
6.329
6.371
6.413
6.454
6.496
6.538
6.579
6.621
6.663
6.704
6.746
6.788
6.829
6.871
6.913
6.954
6.996
7.038
7.079
7.121
7.163
7.204
7.246
7.288
7.329
7.371
7.413
7.454
7.496
7.538
7.579
7.621
7.663
7.704
7.746
7.788
7.829
7.871
7.913
7.954
7.996
8.038
8.079
8.121
8.163
8.204
8.246
8.288
8.329
8.371
8.413
8.454
8.496
8.538
8.579
8.621
8.663
8.704
8.746
8.788
8.829
8.871
8.913
8.954
8.996
9.038
9.079
9.121
9.163
9.204
9.246
9.288
9.329
9.371
9.413
9.454
9.496
9.538
9.579
9.621
9.663
9.704
9.746
9.788
9.829
9.871
9.913
9.954
9.996
10.038
10.079
10.121
10.163
10.204
10.246
10.288
10.329
10.371
10.413
10.454
10.496
10.538
10.579
10.621
10.663
10.704
10.746
10.788
10.829
10.871
10.913
10.954
10.996
11.038
11.079
11.121
11.163
11.204
11.246
11.288
11.329
11.371
11.413
11.454
11.496
11.538
11.579
11.621
11.663
11.704
11.746
11.788
11.829
11.871
11.913
11.954
11.996
12.038
12.079
12.121
12.163
12.204
12.246
12.288
12.329
12.371
12.413
12.454
12.496
12.538
12.579
12.621
12.663
12.704
12.746
12.788
12.829
12.871
12.913
12.954
12.996
13.038
13.079
13.121
13.163
13.204
13.246
13.288
13.329
13.371
13.413
13.454
13.496
13.538
13.579
13.621
13.663
13.704
13.746
13.788
13.829
13.871
13.913
13.954
13.996
14.038
14.079
14.121
14.163
14.204
14.246
14.288
14.329
14.371
14.413
14.454
14.496
14.538
14.579
14.621
14.663
14.704
14.746
14.788
14.829
14.871
14.913
14.954
14.996
15.038
15.079
15.121
15.163
15.204
15.246
15.288
15.329
15.371
15.413
15.454
15.496
15.538
15.579
15.621
15.663
15.704
15.746
15.788
15.829
15.871
15.913
15.954
15.996
16.038
16.079
16.121
16.163
16.204
16.246
16.288
16.329
16.371
16.413
16.454
16.496
16.538
16.579
16.621
16.663
16.704
16.746
16.788
16.829
16.871
16.913
16.954
16.996
17.038
17.079
17.121
17.163
17.204
17.246
17.288
17.329
17.371
17.413
17.454
17.496
17.538
17.579
17.621
17.663
17.704
17.746
17.788
17.829
17.871
17.913
17.954
17.996
18.038
18.079
18.121
18.163
18.204
18.246
18.288
18.329
18.371
18.413
18.454
18.496
18.538
18.579
18.621
18.663
18.704
18.746
18.788
18.829
18.871
18.913
18.954
18.996
19.038
19.079
19.121
19.163
19.204
19.246
19.288
19.329
19.371
19.413
19.454
19.496
19.538
19.579
19.621
19.663
19.704
19.746
19.788
19.829
19.871
19.913
19.954
19.996
20.038
20.079
20.121
20.163
20.204
20.246
20.288
20.329
20.371
20.413
20.454
20.496
20.538
20.579
20.621
20.663
20.704
20.746
20.788
20.829
20.871
20.913
20.954
20.996
21.038
21.079
21.121
21.163
21.204
21.246
21.288
21.329
21.371
21.413
21.454
21.496
21.538
21.579
21.621
21.663
21.704
21.746
21.788
21.829
21.871
21.913
21.954
21.996
22.038
22.079
22.121
22.163
22.204
22.246
22.288
22.329
22.371
22.413
22.454
22.496
22.538
22.579
22.621
22.663
22.704
22.746
22.788
22.829
22.871
22.913
22.954
22.996
23.038
23.079
23.121
23.163
23.204
23.246
23.288
23.329
23.371
23.413
23.454
23.496
23.538
23.579
23.621
23.663
23.704
23.746
23.788
23.829
23.871
23.913
23.954
23.996
24.038
24.079
24.121
24.163
24.204
24.246
24.288
24.329
24.371
24.413
24.454
24.496
24.538
24.579
24.621
24.663
24.704
24.746
24.788
24.829
24.871
24.913
24.954
24.996
25.038
25.079
25.121
25.163
25.204
25.246
25.288
25.329
25.371
25.413
25.454
25.496
25.538
25.579
25.621
25.663
25.704
25.746
25.788
25.829
25.871
25.913
25.954
25.996
26.038
26.079
26.121
26.163
26.204
26.246
26.288
26.329
26.371
26.413
26.454
26.496
26.538
26.579
26.621
26.663
26.704
26.746
26.788
26.829
26.871
26.913
26.954
26.996
27.038
27.079
27.121
27.163
27.204
27.246
27.288
27.329
27.371
27.413
27.454
27.496
27.538
27.579
27.621
27.663
27.704
27.746
27.788
27.829
27.871
27.913
27.954
27.996
28.038
28.079
28.121
28.163
28.204
28.246
28.288
28.329
28.371
28.413
28.454
28.496
28.538
28.579
28.621
28.663
28.704
28.746
28.788
28.829
28.871
28.913
28.954
28.996
29.038
29.079
29.121
29.163
29.204
29.246
29.288
29.329
29.371
29.413
29.454
29.496
29.538
29.579
29.621
0.027
0.069
0.11
0.152
0.194
0.235
0.277
0.319
0.36
0.402
0.444
0.485
0.527
0.569
0.61
0.652
0.694
0.735
0.777
0.819
0.86
0.902
0.944
0.985
1.027
1.069
1.11
1.152
1.194
1.235
1.277
1.319
1.36
1.402
1.444
1.485
1.527
1.569
1.61
1.652
1.694
1.735
1.777
1.819
1.86
1.902
1.944
1.985
2.027
2.069
2.11
2.152
2.194
2.235
2.277
2.319
2.36
2.402
2.444
2.485
2.527
2.569
2.61
2.652
2.694
2.735
2.777
2.819
2.86
2.902
2.944
2.985
3.027
3.069
3.11
3.152
3.194
3.235
3.277
3.319
3.36
3.402
3.444
3.485
3.527
3.569
3.61
3.652
3.694
3.735
3.777
3.819
3.86
3.902
3.944
3.985
4.027
4.069
4.11
4.152
4.194
4.235
4.277
4.319
4.36
4.402
4.444
4.485
4.527
4.569
4.61
4.652
4.694
4.735
4.777
4.819
4.86
4.902
4.944
4.985
5.027
5.069
5.11
5.152
5.194
5.235
5.277
5.319
5.36
5.402
5.444
5.485
5.527
5.569
5.61
5.652
5.694
5.735
5.777
5.819
5.86
5.902
5.944
5.985
6.027
6.069
6.11
6.152
6.194
6.235
6.277
6.319
6.36
6.402
6.444
6.485
6.527
6.569
6.61
6.652
6.694
6.735
6.777
6.819
6.86
6.902
6.944
6.985
7.027
7.069
7.11
7.152
7.194
7.235
7.277
7.319
7.36
7.402
7.444
7.485
7.527
7.569
7.61
7.652
7.694
7.735
7.777
7.819
7.86
7.902
7.944
7.985
8.027
8.069
8.11
8.152
8.194
8.235
8.277
8.319
8.36
8.402
8.444
8.485
8.527
8.569
8.61
8.652
8.694
8.735
8.777
8.819
8.86
8.902
8.944
8.985
9.027
9.069
9.11
9.152
9.194
9.235
9.277
9.319
9.36
9.402
9.444
9.485
9.527
9.569
9.61
9.652
9.694
9.735
9.777
9.819
9.86
9.902
9.944
9.985
10.027
10.069
10.11
10.152
10.194
10.235
10.277
10.319
10.36
10.402
10.444
10.485
10.527
10.569
10.61
10.652
10.694
10.735
10.777
10.819
10.86
10.902
10.944
10.985
11.027
11.069
11.11
11.152
11.194
11.235
11.277
11.319
11.36
11.402
11.444
11.485
11.527
11.569
11.61
11.652
11.694
11.735
11.777
11.819
11.86
11.902
11.944
11.985
12.027
12.069
12.11
12.152
12.194
12.235
12.277
12.319
12.36
12.402
12.444
12.485
12.527
12.569
12.61
12.652
12.694
12.735
12.777
12.819
12.86
12.902
12.944
12.985
13.027
13.069
13.11
13.152
13.194
13.235
13.277
13.319
13.36
13.402
13.444
13.485
13.527
13.569
13.61
13.652
13.694
13.735
13.777
13.819
13.86
13.902
13.944
13.985
14.027
14.069
14.11
14.152
14.194
14.235
14.277
14.319
14.36
14.402
14.444
14.485
14.527
14.569
14.61
14.652
14.694
14.735
14.777
14.819
14.86
14.902
14.944
14.985
15.027
15.069
15.11
15.152
15.194
15.235
15.277
15.319
15.36
15.402
15.444
15.485
15.527
15.569
15.61
15.652
15.694
15.735
15.777
15.819
15.86
15.902
15.944
15.985
16.027
16.069
16.11
16.152
16.194
16.235
16.277
16.319
16.36
16.402
16.444
16.485
16.527
16.569
16.61
16.652
16.694
16.735
16.777
16.819
16.86
16.902
16.944
16.985
17.027
17.069
17.11
17.152
17.194
17.235
17.277
17.319
17.36
17.402
17.444
17.485
17.527
17.569
17.61
17.652
17.694
17.735
17.777
17.819
17.86
17.902
17.944
17.985
18.027
18.069
18.11
18.152
18.194
18.235
18.277
18.319
18.36
18.402
18.444
18.485
18.527
18.569
18.61
18.652
18.694
18.735
18.777
18.819
18.86
18.902
18.944
18.985
19.027
19.069
19.11
19.152
19.194
19.235
19.277
19.319
19.36
19.402
19.444
19.485
19.527
19.569
19.61
19.652
19.694
19.735
19.777
19.819
19.86
19.902
19.944
19.985
20.027
20.069
20.11
20.152
20.194
20.235
20.277
20.319
20.36
20.402
20.444
20.485
20.527
20.569
20.61
20.652
20.694
20.735
20.777
20.819
20.86
20.902
20.944
20.985
21.027
21.069
21.11
21.152
21.194
21.235
21.277
21.319
21.36
21.402
21.444
21.485
21.527
21.569
21.61
21.652
21.694
21.735
21.777
21.819
21.86
21.902
21.944
21.985
22.027
22.069
22.11
22.152
22.194
22.235
22.277
22.319
22.36
22.402
22.444
22.485
22.527
22.569
22.61
22.652
22.694
22.735
22.777
22.819
22.86
22.902
22.944
22.985
23.027
23.069
23.11
23.152
23.194
23.235
23.277
23.319
23.36
23.402
23.444
23.485
23.527
23.569
23.61
23.652
23.694
23.735
23.777
23.819
23.86
23.902
23.944
23.985
24.027
24.069
24.11
24.152
24.194
24.235
24.277
24.319
24.36
24.402
24.444
24.485
24.527
24.569
24.61
24.652
24.694
24.735
24.777
24.819
24.86
24.902
24.944
24.985
25.027
25.069
25.11
25.152
25.194
25.235
25.277
25.319
25.36
25.402
25.444
25.485
25.527
25.569
25.61
25.652
25.694
25.735
25.777
25.819
25.86
25.902
25.944
25.985
26.027
26.069
26.11
26.152
26.194
26.235
26.277
26.319
26.36
26.402
26.444
26.485
26.527
26.569
26.61
26.652
26.694
26.735
26.777
26.819
26.86
26.902
26.944
26.985
27.027
27.069
27.11
27.152
27.194
27.235
27.277
27.319
27.36
27.402
27.444
27.485
27.527
27.569
27.61
27.652
27.694
27.735
27.777
27.819
27.86
27.902
27.944
27.985
28.027
28.069
28.11
28.152
28.194
28.235
28.277
28.319
28.36
28.402
28.444
28.485
28.527
28.569
28.61
28.652
28.694
28.735
28.777
28.819
28.86
28.902
28.944
28.985
29.027
29.069
29.11
29.152
29.194
29.235
29.277
29.319
29.36
29.402
29.444
29.485
29.527
29.569
29.61
29.652
0.02
0.062
0.104
0.145
0.187
0.229
0.27
0.312
0.354
0.395
0.437
0.479
0.52
0.562
0.604
0.645
0.687
0.729
0.77
0.812
0.854
0.895
0.937
0.979
1.02
1.062
1.104
1.145
1.187
1.229
1.27
1.312
1.354
1.395
1.437
1.479
1.52
1.562
1.604
1.645
1.687
1.729
1.77
1.812
1.854
1.895
1.937
1.979
2.02
2.062
2.104
2.145
2.187
2.229
2.27
2.312
2.354
2.395
2.437
2.479
2.52
2.562
2.604
2.645
2.687
2.729
2.77
2.812
2.854
2.895
2.937
2.979
3.02
3.062
3.104
3.145
3.187
3.229
3.27
3.312
3.354
3.395
3.437
3.479
3.52
3.562
3.604
3.645
3.687
3.729
3.77
3.812
3.854
3.895
3.937
3.979
4.02
4.062
4.104
4.145
4.187
4.229
4.27
4.312
4.354
4.395
4.437
4.479
4.52
4.562
4.604
4.645
4.687
4.729
4.77
4.812
4.854
4.895
4.937
4.979
5.02
5.062
5.104
5.145
5.187
5.229
5.27
5.312
5.354
5.395
5.437
5.479
5.52
5.562
5.604
5.645
5.687
5.729
5.77
5.812
5.854
5.895
5.937
5.979
6.02
6.062
6.104
6.145
6.187
6.229
6.27
6.312
6.354
6.395
6.437
6.479
6.52
6.562
6.604
6.645
6.687
6.729
6.77
6.812
6.854
6.895
6.937
6.979
7.02
7.062
7.104
7.145
7.187
7.229
7.27
7.312
7.354
7.395
7.437
7.479
7.52
7.562
7.604
7.645
7.687
7.729
7.77
7.812
7.854
7.895
7.937
7.979
8.02
8.062
8.104
8.145
8.187
8.229
8.27
8.312
8.354
8.395
8.437
8.479
8.52
8.562
8.604
8.645
8.687
8.729
8.77
8.812
8.854
8.895
8.937
8.979
9.02
9.062
9.104
9.145
9.187
9.229
9.27
9.312
9.354
9.395
9.437
9.479
9.52
9.562
9.604
9.645
9.687
9.729
9.77
9.812
9.854
9.895
9.937
9.979
10.02
10.062
10.104
10.145
10.187
10.229
10.27
10.312
10.354
10.395
10.437
10.479
10.52
10.562
10.604
10.645
10.687
10.729
10.77
10.812
10.854
10.895
10.937
10.979
11.02
11.062
11.104
11.145
11.187
11.229
11.27
11.312
11.354
11.395
11.437
11.479
11.52
11.562
11.604
11.645
11.687
11.729
11.77
11.812
11.854
11.895
11.937
11.979
12.02
12.062
12.104
12.145
12.187
12.229
12.27
12.312
12.354
12.395
12.437
12.479
12.52
12.562
12.604
12.645
12.687
12.729
12.77
12.812
12.854
12.895
12.937
12.979
13.02
13.062
13.104
13.145
13.187
13.229
13.27
13.312
13.354
13.395
13.437
13.479
13.52
13.562
13.604
13.645
13.687
13.729
13.77
13.812
13.854
13.895
13.937
13.979
14.02
14.062
14.104
14.145
14.187
14.229
14.27
14.312
14.354
14.395
14.437
14.479
14.52
14.562
14.604
14.645
14.687
14.729
14.77
14.812
14.854
14.895
14.937
14.979
15.02
15.062
15.104
15.145
15.187
15.229
15.27
15.312
15.354
15.395
15.437
15.479
15.52
15.562
15.604
15.645
15.687
15.729
15.77
15.812
15.854
15.895
15.937
15.979
16.02
16.062
16.104
16.145
16.187
16.229
16.27
16.312
16.354
16.395
16.437
16.479
16.52
16.562
16.604
16.645
16.687
16.729
16.77
16.812
16.854
16.895
16.937
16.979
17.02
17.062
17.104
17.145
17.187
17.229
17.27
17.312
17.354
17.395
17.437
17.479
17.52
17.562
17.604
17.645
17.687
17.729
17.77
17.812
17.854
17.895
17.937
17.979
18.02
18.062
18.104
18.145
18.187
18.229
18.27
18.312
18.354
18.395
18.437
18.479
18.52
18.562
18.604
18.645
18.687
18.729
18.77
18.812
18.854
18.895
18.937
18.979
19.02
19.062
19.104
19.145
19.187
19.229
19.27
19.312
19.354
19.395
19.437
19.479
19.52
19.562
19.604
19.645
19.687
19.729
19.77
19.812
19.854
19.895
19.937
19.979
20.02
20.062
20.104
20.145
20.187
20.229
20.27
20.312
20.354
20.395
20.437
20.479
20.52
20.562
20.604
20.645
20.687
20.729
20.77
20.812
20.854
20.895
20.937
20.979
21.02
21.062
21.104
21.145
21.187
21.229
21.27
21.312
21.354
21.395
21.437
21.479
21.52
21.562
21.604
21.645
21.687
21.729
21.77
21.812
21.854
21.895
21.937
21.979
22.02
22.062
22.104
22.145
22.187
22.229
22.27
22.312
22.354
22.395
22.437
22.479
22.52
22.562
22.604
22.645
22.687
22.729
22.77
22.812
22.854
22.895
22.937
22.979
23.02
23.062
23.104
23.145
23.187
23.229
23.27
23.312
23.354
23.395
23.437
23.479
23.52
23.562
23.604
23.645
23.687
23.729
23.77
23.812
23.854
23.895
23.937
23.979
24.02
24.062
24.104
24.145
24.187
24.229
24.27
24.312
24.354
24.395
24.437
24.479
24.52
24.562
24.604
24.645
24.687
24.729
24.77
24.812
24.854
24.895
24.937
24.979
25.02
25.062
25.104
25.145
25.187
25.229
25.27
25.312
25.354
25.395
25.437
25.479
25.52
25.562
25.604
25.645
25.687
25.729
25.77
25.812
25.854
25.895
25.937
25.979
26.02
26.062
26.104
26.145
26.187
26.229
26.27
26.312
26.354
26.395
26.437
26.479
26.52
26.562
26.604
26.645
26.687
26.729
26.77
26.812
26.854
26.895
26.937
26.979
27.02
27.062
27.104
27.145
27.187
27.229
27.27
27.312
27.354
27.395
27.437
27.479
27.52
27.562
27.604
27.645
27.687
27.729
27.77
27.812
27.854
27.895
27.937
27.979
28.02
28.062
28.104
28.145
28.187
28.229
28.27
28.312
28.354
28.395
28.437
28.479
28.52
28.562
28.604
28.645
28.687
28.729
28.77
28.812
28.854
28.895
28.937
28.979
29.02
29.062
29.104
29.145
29.187
29.229
29.27
29.312
29.354
29.395
29.437
29.479
29.52
29.562
29.604
29.645
0
0.042
0.083
0.125
0.167
0.208
0.25
0.292
0.333
0.375
0.417
0.458
0.5
0.542
0.583
0.625
0.667
0.708
0.75
0.792
0.833
0.875
0.917
0.958
1
1.042
1.083
1.125
1.167
1.208
1.25
1.292
1.333
1.375
1.417
1.458
1.5
1.542
1.583
1.625
1.667
1.708
1.75
1.792
1.833
1.875
1.917
1.958
2
2.042
2.083
2.125
2.167
2.208
2.25
2.292
2.333
2.375
2.417
2.458
2.5
2.542
2.583
2.625
2.667
2.708
2.75
2.792
2.833
2.875
2.917
2.958
3
3.042
3.083
3.125
3.167
3.208
3.25
3.292
3.333
3.375
3.417
3.458
3.5
3.542
3.583
3.625
3.667
3.708
3.75
3.792
3.833
3.875
3.917
3.958
4
4.042
4.083
4.125
4.167
4.208
4.25
4.292
4.333
4.375
4.417
4.458
4.5
4.542
4.583
4.625
4.667
4.708
4.75
4.792
4.833
4.875
4.917
4.958
5
5.042
5.083
5.125
5.167
5.208
5.25
5.292
5.333
5.375
5.417
5.458
5.5
5.542
5.583
5.625
5.667
5.708
5.75
5.792
5.833
5.875
5.917
5.958
6
6.042
6.083
6.125
6.167
6.208
6.25
6.292
6.333
6.375
6.417
6.458
6.5
6.542
6.583
6.625
6.667
6.708
6.75
6.792
6.833
6.875
6.917
6.958
7
7.042
7.083
7.125
7.167
7.208
7.25
7.292
7.333
7.375
7.417
7.458
7.5
7.542
7.583
7.625
7.667
7.708
7.75
7.792
7.833
7.875
7.917
7.958
8
8.042
8.083
8.125
8.167
8.208
8.25
8.292
8.333
8.375
8.417
8.458
8.5
8.542
8.583
8.625
8.667
8.708
8.75
8.792
8.833
8.875
8.917
8.958
9
9.042
9.083
9.125
9.167
9.208
9.25
9.292
9.333
9.375
9.417
9.458
9.5
9.542
9.583
9.625
9.667
9.708
9.75
9.792
9.833
9.875
9.917
9.958
10
10.042
10.083
10.125
10.167
10.208
10.25
10.292
10.333
10.375
10.417
10.458
10.5
10.542
10.583
10.625
10.667
10.708
10.75
10.792
10.833
10.875
10.917
10.958
11
11.042
11.083
11.125
11.167
11.208
11.25
11.292
11.333
11.375
11.417
11.458
11.5
11.542
11.583
11.625
11.667
11.708
11.75
11.792
11.833
11.875
11.917
11.958
12
12.042
12.083
12.125
12.167
12.208
12.25
12.292
12.333
12.375
12.417
12.458
12.5
12.542
12.583
12.625
12.667
12.708
12.75
12.792
12.833
12.875
12.917
12.958
13
13.042
13.083
13.125
13.167
13.208
13.25
13.292
13.333
13.375
13.417
13.458
13.5
13.542
13.583
13.625
13.667
13.708
13.75
13.792
13.833
13.875
13.917
13.958
14
14.042
14.083
14.125
14.167
14.208
14.25
14.292
14.333
14.375
14.417
14.458
14.5
14.542
14.583
14.625
14.667
14.708
14.75
14.792
14.833
14.875
14.917
14.958
15
15.042
15.083
15.125
15.167
15.208
15.25
15.292
15.333
15.375
15.417
15.458
15.5
15.542
15.583
15.625
15.667
15.708
15.75
15.792
15.833
15.875
15.917
15.958
16
16.042
16.083
16.125
16.167
16.208
16.25
16.292
16.333
16.375
16.417
16.458
16.5
16.542
16.583
16.625
16.667
16.708
16.75
16.792
16.833
16.875
16.917
16.958
17
17.042
17.083
17.125
17.167
17.208
17.25
17.292
17.333
17.375
17.417
17.458
17.5
17.542
17.583
17.625
17.667
17.708
17.75
17.792
17.833
17.875
17.917
17.958
18
18.042
18.083
18.125
18.167
18.208
18.25
18.292
18.333
18.375
18.417
18.458
18.5
18.542
18.583
18.625
18.667
18.708
18.75
18.792
18.833
18.875
18.917
18.958
19
19.042
19.083
19.125
19.167
19.208
19.25
19.292
19.333
19.375
19.417
19.458
19.5
19.542
19.583
19.625
19.667
19.708
19.75
19.792
19.833
19.875
19.917
19.958
20
20.042
20.083
20.125
20.167
20.208
20.25
20.292
20.333
20.375
20.417
20.458
20.5
20.542
20.583
20.625
20.667
20.708
20.75
20.792
20.833
20.875
20.917
20.958
21
21.042
21.083
21.125
21.167
21.208
21.25
21.292
21.333
21.375
21.417
21.458
21.5
21.542
21.583
21.625
21.667
21.708
21.75
21.792
21.833
21.875
21.917
21.958
22
22.042
22.083
22.125
22.167
22.208
22.25
22.292
22.333
22.375
22.417
22.458
22.5
22.542
22.583
22.625
22.667
22.708
22.75
22.792
22.833
22.875
22.917
22.958
23
23.042
23.083
23.125
23.167
23.208
23.25
23.292
23.333
23.375
23.417
23.458
23.5
23.542
23.583
23.625
23.667
23.708
23.75
23.792
23.833
23.875
23.917
23.958
24
24.042
24.083
24.125
24.167
24.208
24.25
24.292
24.333
24.375
24.417
24.458
24.5
24.542
24.583
24.625
24.667
24.708
24.75
24.792
24.833
24.875
24.917
24.958
25
25.042
25.083
25.125
25.167
25.208
25.25
25.292
25.333
25.375
25.417
25.458
25.5
25.542
25.583
25.625
25.667
25.708
25.75
25.792
25.833
25.875
25.917
25.958
26
26.042
26.083
26.125
26.167
26.208
26.25
26.292
26.333
26.375
26.417
26.458
26.5
26.542
26.583
26.625
26.667
26.708
26.75
26.792
26.833
26.875
26.917
26.958
27
27.042
27.083
27.125
27.167
27.208
27.25
27.292
27.333
27.375
27.417
27.458
27.5
27.542
27.583
27.625
27.667
27.708
27.75
27.792
27.833
27.875
27.917
27.958
28
28.042
28.083
28.125
28.167
28.208
28.25
28.292
28.333
28.375
28.417
28.458
28.5
28.542
28.583
28.625
28.667
28.708
28.75
28.792
28.833
28.875
28.917
28.958
29
29.042
29.083
29.125
29.167
29.208
29.25
29.292
29.333
29.375
29.417
29.458
29.5
29.542
29.583
29.625
0.005
0.047
0.088
0.13
0.172
0.213
0.255
0.297
0.338
0.38
0.422
0.463
0.505
0.547
0.588
0.63
0.672
0.713
0.755
0.797
0.838
0.88
0.922
0.963
1.005
1.047
1.088
1.13
1.172
1.213
1.255
1.297
1.338
1.38
1.422
1.463
1.505
1.547
1.588
1.63
1.672
1.713
1.755
1.797
1.838
1.88
1.922
1.963
2.005
2.047
2.088
2.13
2.172
2.213
2.255
2.297
2.338
2.38
2.422
2.463
2.505
2.547
2.588
2.63
2.672
2.713
2.755
2.797
2.838
2.88
2.922
2.963
3.005
3.047
3.088
3.13
3.172
3.213
3.255
3.297
3.338
3.38
3.422
3.463
3.505
3.547
3.588
3.63
3.672
3.713
3.755
3.797
3.838
3.88
3.922
3.963
4.005
4.047
4.088
4.13
4.172
4.213
4.255
4.297
4.338
4.38
4.422
4.463
4.505
4.547
4.588
4.63
4.672
4.713
4.755
4.797
4.838
4.88
4.922
4.963
5.005
5.047
5.088
5.13
5.172
5.213
5.255
5.297
5.338
5.38
5.422
5.463
5.505
5.547
5.588
5.63
5.672
5.713
5.755
5.797
5.838
5.88
5.922
5.963
6.005
6.047
6.088
6.13
6.172
6.213
6.255
6.297
6.338
6.38
6.422
6.463
6.505
6.547
6.588
6.63
6.672
6.713
6.755
6.797
6.838
6.88
6.922
6.963
7.005
7.047
7.088
7.13
7.172
7.213
7.255
7.297
7.338
7.38
7.422
7.463
7.505
7.547
7.588
7.63
7.672
7.713
7.755
7.797
7.838
7.88
7.922
7.963
8.005
8.047
8.088
8.13
8.172
8.213
8.255
8.297
8.338
8.38
8.422
8.463
8.505
8.547
8.588
8.63
8.672
8.713
8.755
8.797
8.838
8.88
8.922
8.963
9.005
9.047
9.088
9.13
9.172
9.213
9.255
9.297
9.338
9.38
9.422
9.463
9.505
9.547
9.588
9.63
9.672
9.713
9.755
9.797
9.838
9.88
9.922
9.963
10.005
10.047
10.088
10.13
10.172
10.213
10.255
10.297
10.338
10.38
10.422
10.463
10.505
10.547
10.588
10.63
10.672
10.713
10.755
10.797
10.838
10.88
10.922
10.963
11.005
11.047
11.088
11.13
11.172
11.213
11.255
11.297
11.338
11.38
11.422
11.463
11.505
11.547
11.588
11.63
11.672
11.713
11.755
11.797
11.838
11.88
11.922
11.963
12.005
12.047
12.088
12.13
12.172
12.213
12.255
12.297
12.338
12.38
12.422
12.463
12.505
12.547
12.588
12.63
12.672
12.713
12.755
12.797
12.838
12.88
12.922
12.963
13.005
13.047
13.088
13.13
13.172
13.213
13.255
13.297
13.338
13.38
13.422
13.463
13.505
13.547
13.588
13.63
13.672
13.713
13.755
13.797
13.838
13.88
13.922
13.963
14.005
14.047
14.088
14.13
14.172
14.213
14.255
14.297
14.338
14.38
14.422
14.463
14.505
14.547
14.588
14.63
14.672
14.713
14.755
14.797
14.838
14.88
14.922
14.963
15.005
15.047
15.088
15.13
15.172
15.213
15.255
15.297
15.338
15.38
15.422
15.463
15.505
15.547
15.588
15.63
15.672
15.713
15.755
15.797
15.838
15.88
15.922
15.963
16.005
16.047
16.088
16.13
16.172
16.213
16.255
16.297
16.338
16.38
16.422
16.463
16.505
16.547
16.588
16.63
16.672
16.713
16.755
16.797
16.838
16.88
16.922
16.963
17.005
17.047
17.088
17.13
17.172
17.213
17.255
17.297
17.338
17.38
17.422
17.463
17.505
17.547
17.588
17.63
17.672
17.713
17.755
17.797
17.838
17.88
17.922
17.963
18.005
18.047
18.088
18.13
18.172
18.213
18.255
18.297
18.338
18.38
18.422
18.463
18.505
18.547
18.588
18.63
18.672
18.713
18.755
18.797
18.838
18.88
18.922
18.963
19.005
19.047
19.088
19.13
19.172
19.213
19.255
19.297
19.338
19.38
19.422
19.463
19.505
19.547
19.588
19.63
19.672
19.713
19.755
19.797
19.838
19.88
19.922
19.963
20.005
20.047
20.088
20.13
20.172
20.213
20.255
20.297
20.338
20.38
20.422
20.463
20.505
20.547
20.588
20.63
20.672
20.713
20.755
20.797
20.838
20.88
20.922
20.963
21.005
21.047
21.088
21.13
21.172
21.213
21.255
21.297
21.338
21.38
21.422
21.463
21.505
21.547
21.588
21.63
21.672
21.713
21.755
21.797
21.838
21.88
21.922
21.963
22.005
22.047
22.088
22.13
22.172
22.213
22.255
22.297
22.338
22.38
22.422
22.463
22.505
22.547
22.588
22.63
22.672
22.713
22.755
22.797
22.838
22.88
22.922
22.963
23.005
23.047
23.088
23.13
23.172
23.213
23.255
23.297
23.338
23.38
23.422
23.463
23.505
23.547
23.588
23.63
23.672
23.713
23.755
23.797
23.838
23.88
23.922
23.963
24.005
24.047
24.088
24.13
24.172
24.213
24.255
24.297
24.338
24.38
24.422
24.463
24.505
24.547
24.588
24.63
24.672
24.713
24.755
24.797
24.838
24.88
24.922
24.963
25.005
25.047
25.088
25.13
25.172
25.213
25.255
25.297
25.338
25.38
25.422
25.463
25.505
25.547
25.588
25.63
25.672
25.713
25.755
25.797
25.838
25.88
25.922
25.963
26.005
26.047
26.088
26.13
26.172
26.213
26.255
26.297
26.338
26.38
26.422
26.463
26.505
26.547
26.588
26.63
26.672
26.713
26.755
26.797
26.838
26.88
26.922
26.963
27.005
27.047
27.088
27.13
27.172
27.213
27.255
27.297
27.338
27.38
27.422
27.463
27.505
27.547
27.588
27.63
27.672
27.713
27.755
27.797
27.838
27.88
27.922
27.963
28.005
28.047
28.088
28.13
28.172
28.213
28.255
28.297
28.338
28.38
28.422
28.463
28.505
28.547
28.588
28.63
28.672
28.713
28.755
28.797
28.838
28.88
28.922
28.963
29.005
29.047
29.088
29.13
29.172
29.213
29.255
29.297
29.338
29.38
29.422
29.463
29.505
29.547
29.588
0.03
0.072
0.113
0.155
0.197
0.238
0.28
0.322
0.363
0.405
0.447
0.488
0.53
0.572
0.613
0.655
0.697
0.738
0.78
0.822
0.863
0.905
0.947
0.988
1.03
1.072
1.113
1.155
1.197
1.238
1.28
1.322
1.363
1.405
1.447
1.488
1.53
1.572
1.613
1.655
1.697
1.738
1.78
1.822
1.863
1.905
1.947
1.988
2.03
2.072
2.113
2.155
2.197
2.238
2.28
2.322
2.363
2.405
2.447
2.488
2.53
2.572
2.613
2.655
2.697
2.738
2.78
2.822
2.863
2.905
2.947
2.988
3.03
3.072
3.113
3.155
3.197
3.238
3.28
3.322
3.363
3.405
3.447
3.488
3.53
3.572
3.613
3.655
3.697
3.738
3.78
3.822
3.863
3.905
3.947
3.988
4.03
4.072
4.113
4.155
4.197
4.238
4.28
4.322
4.363
4.405
4.447
4.488
4.53
4.572
4.613
4.655
4.697
4.738
4.78
4.822
4.863
4.905
4.947
4.988
5.03
5.072
5.113
5.155
5.197
5.238
5.28
5.322
5.363
5.405
5.447
5.488
5.53
5.572
5.613
5.655
5.697
5.738
5.78
5.822
5.863
5.905
5.947
5.988
6.03
6.072
6.113
6.155
6.197
6.238
6.28
6.322
6.363
6.405
6.447
6.488
6.53
6.572
6.613
6.655
6.697
6.738
6.78
6.822
6.863
6.905
6.947
6.988
7.03
7.072
7.113
7.155
7.197
7.238
7.28
7.322
7.363
7.405
7.447
7.488
7.53
7.572
7.613
7.655
7.697
7.738
7.78
7.822
7.863
7.905
7.947
7.988
8.03
8.072
8.113
8.155
8.197
8.238
8.28
8.322
8.363
8.405
8.447
8.488
8.53
8.572
8.613
8.655
8.697
8.738
8.78
8.822
8.863
8.905
8.947
8.988
9.03
9.072
9.113
9.155
9.197
9.238
9.28
9.322
9.363
9.405
9.447
9.488
9.53
9.572
9.613
9.655
9.697
9.738
9.78
9.822
9.863
9.905
9.947
9.988
10.03
10.072
10.113
10.155
10.197
10.238
10.28
10.322
10.363
10.405
10.447
10.488
10.53
10.572
10.613
10.655
10.697
10.738
10.78
10.822
10.863
10.905
10.947
10.988
11.03
11.072
11.113
11.155
11.197
11.238
11.28
11.322
11.363
11.405
11.447
11.488
11.53
11.572
11.613
11.655
11.697
11.738
11.78
11.822
11.863
11.905
11.947
11.988
12.03
12.072
12.113
12.155
12.197
12.238
12.28
12.322
12.363
12.405
12.447
12.488
12.53
12.572
12.613
12.655
12.697
12.738
12.78
12.822
12.863
12.905
12.947
12.988
13.03
13.072
13.113
13.155
13.197
13.238
13.28
13.322
13.363
13.405
13.447
13.488
13.53
13.572
13.613
13.655
13.697
13.738
13.78
13.822
13.863
13.905
13.947
13.988
14.03
14.072
14.113
14.155
14.197
14.238
14.28
14.322
14.363
14.405
14.447
14.488
14.53
14.572
14.613
14.655
14.697
14.738
14.78
14.822
14.863
14.905
14.947
14.988
15.03
15.072
15.113
15.155
15.197
15.238
15.28
15.322
15.363
15.405
15.447
15.488
15.53
15.572
15.613
15.655
15.697
15.738
15.78
15.822
15.863
15.905
15.947
15.988
16.03
16.072
16.113
16.155
16.197
16.238
16.28
16.322
16.363
16.405
16.447
16.488
16.53
16.572
16.613
16.655
16.697
16.738
16.78
16.822
16.863
16.905
16.947
16.988
17.03
17.072
17.113
17.155
17.197
17.238
17.28
17.322
17.363
17.405
17.447
17.488
17.53
17.572
17.613
17.655
17.697
17.738
17.78
17.822
17.863
17.905
17.947
17.988
18.03
18.072
18.113
18.155
18.197
18.238
18.28
18.322
18.363
18.405
18.447
18.488
18.53
18.572
18.613
18.655
18.697
18.738
18.78
18.822
18.863
18.905
18.947
18.988
19.03
19.072
19.113
19.155
19.197
19.238
19.28
19.322
19.363
19.405
19.447
19.488
19.53
19.572
19.613
19.655
19.697
19.738
19.78
19.822
19.863
19.905
19.947
19.988
20.03
20.072
20.113
20.155
20.197
20.238
20.28
20.322
20.363
20.405
20.447
20.488
20.53
20.572
20.613
20.655
20.697
20.738
20.78
20.822
20.863
20.905
20.947
20.988
21.03
21.072
21.113
21.155
21.197
21.238
21.28
21.322
21.363
21.405
21.447
21.488
21.53
21.572
21.613
21.655
21.697
21.738
21.78
21.822
21.863
21.905
21.947
21.988
22.03
22.072
22.113
22.155
22.197
22.238
22.28
22.322
22.363
22.405
22.447
22.488
22.53
22.572
22.613
22.655
22.697
22.738
22.78
22.822
22.863
22.905
22.947
22.988
23.03
23.072
23.113
23.155
23.197
23.238
23.28
23.322
23.363
23.405
23.447
23.488
23.53
23.572
23.613
23.655
23.697
23.738
23.78
23.822
23.863
23.905
23.947
23.988
24.03
24.072
24.113
24.155
24.197
24.238
24.28
24.322
24.363
24.405
24.447
24.488
24.53
24.572
24.613
24.655
24.697
24.738
24.78
24.822
24.863
24.905
24.947
24.988
25.03
25.072
25.113
25.155
25.197
25.238
25.28
25.322
25.363
25.405
25.447
25.488
25.53
25.572
25.613
25.655
25.697
25.738
25.78
25.822
25.863
25.905
25.947
25.988
26.03
26.072
26.113
26.155
26.197
26.238
26.28
26.322
26.363
26.405
26.447
26.488
26.53
26.572
26.613
26.655
26.697
26.738
26.78
26.822
26.863
26.905
26.947
26.988
27.03
27.072
27.113
27.155
27.197
27.238
27.28
27.322
27.363
27.405
27.447
27.488
27.53
27.572
27.613
27.655
27.697
27.738
27.78
27.822
27.863
27.905
27.947
27.988
28.03
28.072
28.113
28.155
28.197
28.238
28.28
28.322
28.363
28.405
28.447
28.488
28.53
28.572
28.613
28.655
28.697
28.738
28.78
28.822
28.863
28.905
28.947
28.988
29.03
29.072
29.113
29.155
29.197
29.238
29.28
29.322
29.363
29.405
29.447
29.488
0.007
0.049
0.09
0.132
0.174
0.215
0.257
0.299
0.34
0.382
0.424
0.465
0.507
0.549
0.59
0.632
0.674
0.715
0.757
0.799
0.84
0.882
0.924
0.965
1.007
1.049
1.09
1.132
1.174
1.215
1.257
1.299
1.34
1.382
1.424
1.465
1.507
1.549
1.59
1.632
1.674
1.715
1.757
1.799
1.84
1.882
1.924
1.965
2.007
2.049
2.09
2.132
2.174
2.215
2.257
2.299
2.34
2.382
2.424
2.465
2.507
2.549
2.59
2.632
2.674
2.715
2.757
2.799
2.84
2.882
2.924
2.965
3.007
3.049
3.09
3.132
3.174
3.215
3.257
3.299
3.34
3.382
3.424
3.465
3.507
3.549
3.59
3.632
3.674
3.715
3.757
3.799
3.84
3.882
3.924
3.965
4.007
4.049
4.09
4.132
4.174
4.215
4.257
4.299
4.34
4.382
4.424
4.465
4.507
4.549
4.59
4.632
4.674
4.715
4.757
4.799
4.84
4.882
4.924
4.965
5.007
5.049
5.09
5.132
5.174
5.215
5.257
5.299
5.34
5.382
5.424
5.465
5.507
5.549
5.59
5.632
5.674
5.715
5.757
5.799
5.84
5.882
5.924
5.965
6.007
6.049
6.09
6.132
6.174
6.215
6.257
6.299
6.34
6.382
6.424
6.465
6.507
6.549
6.59
6.632
6.674
6.715
6.757
6.799
6.84
6.882
6.924
6.965
7.007
7.049
7.09
7.132
7.174
7.215
7.257
7.299
7.34
7.382
7.424
7.465
7.507
7.549
7.59
7.632
7.674
7.715
7.757
7.799
7.84
7.882
7.924
7.965
8.007
8.049
8.09
8.132
8.174
8.215
8.257
8.299
8.34
8.382
8.424
8.465
8.507
8.549
8.59
8.632
8.674
8.715
8.757
8.799
8.84
8.882
8.924
8.965
9.007
9.049
9.09
9.132
9.174
9.215
9.257
9.299
9.34
9.382
9.424
9.465
9.507
9.549
9.59
9.632
9.674
9.715
9.757
9.799
9.84
9.882
9.924
9.965
10.007
10.049
10.09
10.132
10.174
10.215
10.257
10.299
10.34
10.382
10.424
10.465
10.507
10.549
10.59
10.632
10.674
10.715
10.757
10.799
10.84
10.882
10.924
10.965
11.007
11.049
11.09
11.132
11.174
11.215
11.257
11.299
11.34
11.382
11.424
11.465
11.507
11.549
11.59
11.632
11.674
11.715
11.757
11.799
11.84
11.882
11.924
11.965
12.007
12.049
12.09
12.132
12.174
12.215
12.257
12.299
12.34
12.382
12.424
12.465
12.507
12.549
12.59
12.632
12.674
12.715
12.757
12.799
12.84
12.882
12.924
12.965
13.007
13.049
13.09
13.132
13.174
13.215
13.257
13.299
13.34
13.382
13.424
13.465
13.507
13.549
13.59
13.632
13.674
13.715
13.757
13.799
13.84
13.882
13.924
13.965
14.007
14.049
14.09
14.132
14.174
14.215
14.257
14.299
14.34
14.382
14.424
14.465
14.507
14.549
14.59
14.632
14.674
14.715
14.757
14.799
14.84
14.882
14.924
14.965
15.007
15.049
15.09
15.132
15.174
15.215
15.257
15.299
15.34
15.382
15.424
15.465
15.507
15.549
15.59
15.632
15.674
15.715
15.757
15.799
15.84
15.882
15.924
15.965
16.007
16.049
16.09
16.132
16.174
16.215
16.257
16.299
16.34
16.382
16.424
16.465
16.507
16.549
16.59
16.632
16.674
16.715
16.757
16.799
16.84
16.882
16.924
16.965
17.007
17.049
17.09
17.132
17.174
17.215
17.257
17.299
17.34
17.382
17.424
17.465
17.507
17.549
17.59
17.632
17.674
17.715
17.757
17.799
17.84
17.882
17.924
17.965
18.007
18.049
18.09
18.132
18.174
18.215
18.257
18.299
18.34
18.382
18.424
18.465
18.507
18.549
18.59
18.632
18.674
18.715
18.757
18.799
18.84
18.882
18.924
18.965
19.007
19.049
19.09
19.132
19.174
19.215
19.257
19.299
19.34
19.382
19.424
19.465
19.507
19.549
19.59
19.632
19.674
19.715
19.757
19.799
19.84
19.882
19.924
19.965
20.007
20.049
20.09
20.132
20.174
20.215
20.257
20.299
20.34
20.382
20.424
20.465
20.507
20.549
20.59
20.632
20.674
20.715
20.757
20.799
20.84
20.882
20.924
20.965
21.007
21.049
21.09
21.132
21.174
21.215
21.257
21.299
21.34
21.382
21.424
21.465
21.507
21.549
21.59
21.632
21.674
21.715
21.757
21.799
21.84
21.882
21.924
21.965
22.007
22.049
22.09
22.132
22.174
22.215
22.257
22.299
22.34
22.382
22.424
22.465
22.507
22.549
22.59
22.632
22.674
22.715
22.757
22.799
22.84
22.882
22.924
22.965
23.007
23.049
23.09
23.132
23.174
23.215
23.257
23.299
23.34
23.382
23.424
23.465
23.507
23.549
23.59
23.632
23.674
23.715
23.757
23.799
23.84
23.882
23.924
23.965
24.007
24.049
24.09
24.132
24.174
24.215
24.257
24.299
24.34
24.382
24.424
24.465
24.507
24.549
24.59
24.632
24.674
24.715
24.757
24.799
24.84
24.882
24.924
24.965
25.007
25.049
25.09
25.132
25.174
25.215
25.257
25.299
25.34
25.382
25.424
25.465
25.507
25.549
25.59
25.632
25.674
25.715
25.757
25.799
25.84
25.882
25.924
25.965
26.007
26.049
26.09
26.132
26.174
26.215
26.257
26.299
26.34
26.382
26.424
26.465
26.507
26.549
26.59
26.632
26.674
26.715
26.757
26.799
26.84
26.882
26.924
26.965
27.007
27.049
27.09
27.132
27.174
27.215
27.257
27.299
27.34
27.382
27.424
27.465
27.507
27.549
27.59
27.632
27.674
27.715
27.757
27.799
27.84
27.882
27.924
27.965
28.007
28.049
28.09
28.132
28.174
28.215
28.257
28.299
28.34
28.382
28.424
28.465
28.507
28.549
28.59
28.632
28.674
28.715
28.757
28.799
28.84
28.882
28.924
28.965
29.007
29.049
29.09
29.132
29.174
29.215
29.257
29.299
29.34
29.382
29.424
0.006
0.047
0.089
0.131
0.172
0.214
0.256
0.297
0.339
0.381
0.422
0.464
0.506
0.547
0.589
0.631
0.672
0.714
0.756
0.797
0.839
0.881
0.922
0.964
1.006
1.047
1.089
1.131
1.172
1.214
1.256
1.297
1.339
1.381
1.422
1.464
1.506
1.547
1.589
1.631
1.672
1.714
1.756
1.797
1.839
1.881
1.922
1.964
2.006
2.047
2.089
2.131
2.172
2.214
2.256
2.297
2.339
2.381
2.422
2.464
2.506
2.547
2.589
2.631
2.672
2.714
2.756
2.797
2.839
2.881
2.922
2.964
3.006
3.047
3.089
3.131
3.172
3.214
3.256
3.297
3.339
3.381
3.422
3.464
3.506
3.547
3.589
3.631
3.672
3.714
3.756
3.797
3.839
3.881
3.922
3.964
4.006
4.047
4.089
4.131
4.172
4.214
4.256
4.297
4.339
4.381
4.422
4.464
4.506
4.547
4.589
4.631
4.672
4.714
4.756
4.797
4.839
4.881
4.922
4.964
5.006
5.047
5.089
5.131
5.172
5.214
5.256
5.297
5.339
5.381
5.422
5.464
5.506
5.547
5.589
5.631
5.672
5.714
5.756
5.797
5.839
5.881
5.922
5.964
6.006
6.047
6.089
6.131
6.172
6.214
6.256
6.297
6.339
6.381
6.422
6.464
6.506
6.547
6.589
6.631
6.672
6.714
6.756
6.797
6.839
6.881
6.922
6.964
7.006
7.047
7.089
7.131
7.172
7.214
7.256
7.297
7.339
7.381
7.422
7.464
7.506
7.547
7.589
7.631
7.672
7.714
7.756
7.797
7.839
7.881
7.922
7.964
8.006
8.047
8.089
8.131
8.172
8.214
8.256
8.297
8.339
8.381
8.422
8.464
8.506
8.547
8.589
8.631
8.672
8.714
8.756
8.797
8.839
8.881
8.922
8.964
9.006
9.047
9.089
9.131
9.172
9.214
9.256
9.297
9.339
9.381
9.422
9.464
9.506
9.547
9.589
9.631
9.672
9.714
9.756
9.797
9.839
9.881
9.922
9.964
10.006
10.047
10.089
10.131
10.172
10.214
10.256
10.297
10.339
10.381
10.422
10.464
10.506
10.547
10.589
10.631
10.672
10.714
10.756
10.797
10.839
10.881
10.922
10.964
11.006
11.047
11.089
11.131
11.172
11.214
11.256
11.297
11.339
11.381
11.422
11.464
11.506
11.547
11.589
11.631
11.672
11.714
11.756
11.797
11.839
11.881
11.922
11.964
12.006
12.047
12.089
12.131
12.172
12.214
12.256
12.297
12.339
12.381
12.422
12.464
12.506
12.547
12.589
12.631
12.672
12.714
12.756
12.797
12.839
12.881
12.922
12.964
13.006
13.047
13.089
13.131
13.172
13.214
13.256
13.297
13.339
13.381
13.422
13.464
13.506
13.547
13.589
13.631
13.672
13.714
13.756
13.797
13.839
13.881
13.922
13.964
14.006
14.047
14.089
14.131
14.172
14.214
14.256
14.297
14.339
14.381
14.422
14.464
14.506
14.547
14.589
14.631
14.672
14.714
14.756
14.797
14.839
14.881
14.922
14.964
15.006
15.047
15.089
15.131
15.172
15.214
15.256
15.297
15.339
15.381
15.422
15.464
15.506
15.547
15.589
15.631
15.672
15.714
15.756
15.797
15.839
15.881
15.922
15.964
16.006
16.047
16.089
16.131
16.172
16.214
16.256
16.297
16.339
16.381
16.422
16.464
16.506
16.547
16.589
16.631
16.672
16.714
16.756
16.797
16.839
16.881
16.922
16.964
17.006
17.047
17.089
17.131
17.172
17.214
17.256
17.297
17.339
17.381
17.422
17.464
17.506
17.547
17.589
17.631
17.672
17.714
17.756
17.797
17.839
17.881
17.922
17.964
18.006
18.047
18.089
18.131
18.172
18.214
18.256
18.297
18.339
18.381
18.422
18.464
18.506
18.547
18.589
18.631
18.672
18.714
18.756
18.797
18.839
18.881
18.922
18.964
19.006
19.047
19.089
19.131
19.172
19.214
19.256
19.297
19.339
19.381
19.422
19.464
19.506
19.547
19.589
19.631
19.672
19.714
19.756
19.797
19.839
19.881
19.922
19.964
20.006
20.047
20.089
20.131
20.172
20.214
20.256
20.297
20.339
20.381
20.422
20.464
20.506
20.547
20.589
20.631
20.672
20.714
20.756
20.797
20.839
20.881
20.922
20.964
21.006
21.047
21.089
21.131
21.172
21.214
21.256
21.297
21.339
21.381
21.422
21.464
21.506
21.547
21.589
21.631
21.672
21.714
21.756
21.797
21.839
21.881
21.922
21.964
22.006
22.047
22.089
22.131
22.172
22.214
22.256
22.297
22.339
22.381
22.422
22.464
22.506
22.547
22.589
22.631
22.672
22.714
22.756
22.797
22.839
22.881
22.922
22.964
23.006
23.047
23.089
23.131
23.172
23.214
23.256
23.297
23.339
23.381
23.422
23.464
23.506
23.547
23.589
23.631
23.672
23.714
23.756
23.797
23.839
23.881
23.922
23.964
24.006
24.047
24.089
24.131
24.172
24.214
24.256
24.297
24.339
24.381
24.422
24.464
24.506
24.547
24.589
24.631
24.672
24.714
24.756
24.797
24.839
24.881
24.922
24.964
25.006
25.047
25.089
25.131
25.172
25.214
25.256
25.297
25.339
25.381
25.422
25.464
25.506
25.547
25.589
25.631
25.672
25.714
25.756
25.797
25.839
25.881
25.922
25.964
26.006
26.047
26.089
26.131
26.172
26.214
26.256
26.297
26.339
26.381
26.422
26.464
26.506
26.547
26.589
26.631
26.672
26.714
26.756
26.797
26.839
26.881
26.922
26.964
27.006
27.047
27.089
27.131
27.172
27.214
27.256
27.297
27.339
27.381
27.422
27.464
27.506
27.547
27.589
27.631
27.672
27.714
27.756
27.797
27.839
27.881
27.922
27.964
28.006
28.047
28.089
28.131
28.172
28.214
28.256
28.297
28.339
28.381
28.422
28.464
28.506
28.547
28.589
28.631
28.672
28.714
28.756
28.797
28.839
28.881
28.922
28.964
29.006
29.047
29.089
29.131
29.172
29.214
29.256
29.297
29.339
29.381
29.422
0.038
0.08
0.121
0.163
0.205
0.246
0.288
0.33
0.371
0.413
0.455
0.496
0.538
0.58
0.621
0.663
0.705
0.746
0.788
0.83
0.871
0.913
0.955
0.996
1.038
1.08
1.121
1.163
1.205
1.246
1.288
1.33
1.371
1.413
1.455
1.496
1.538
1.58
1.621
1.663
1.705
1.746
1.788
1.83
1.871
1.913
1.955
1.996
2.038
2.08
2.121
2.163
2.205
2.246
2.288
2.33
2.371
2.413
2.455
2.496
2.538
2.58
2.621
2.663
2.705
2.746
2.788
2.83
2.871
2.913
2.955
2.996
3.038
3.08
3.121
3.163
3.205
3.246
3.288
3.33
3.371
3.413
3.455
3.496
3.538
3.58
3.621
3.663
3.705
3.746
3.788
3.83
3.871
3.913
3.955
3.996
4.038
4.08
4.121
4.163
4.205
4.246
4.288
4.33
4.371
4.413
4.455
4.496
4.538
4.58
4.621
4.663
4.705
4.746
4.788
4.83
4.871
4.913
4.955
4.996
5.038
5.08
5.121
5.163
5.205
5.246
5.288
5.33
5.371
5.413
5.455
5.496
5.538
5.58
5.621
5.663
5.705
5.746
5.788
5.83
5.871
5.913
5.955
5.996
6.038
6.08
6.121
6.163
6.205
6.246
6.288
6.33
6.371
6.413
6.455
6.496
6.538
6.58
6.621
6.663
6.705
6.746
6.788
6.83
6.871
6.913
6.955
6.996
7.038
7.08
7.121
7.163
7.205
7.246
7.288
7.33
7.371
7.413
7.455
7.496
7.538
7.58
7.621
7.663
7.705
7.746
7.788
7.83
7.871
7.913
7.955
7.996
8.038
8.08
8.121
8.163
8.205
8.246
8.288
8.33
8.371
8.413
8.455
8.496
8.538
8.58
8.621
8.663
8.705
8.746
8.788
8.83
8.871
8.913
8.955
8.996
9.038
9.08
9.121
9.163
9.205
9.246
9.288
9.33
9.371
9.413
9.455
9.496
9.538
9.58
9.621
9.663
9.705
9.746
9.788
9.83
9.871
9.913
9.955
9.996
10.038
10.08
10.121
10.163
10.205
10.246
10.288
10.33
10.371
10.413
10.455
10.496
10.538
10.58
10.621
10.663
10.705
10.746
10.788
10.83
10.871
10.913
10.955
10.996
11.038
11.08
11.121
11.163
11.205
11.246
11.288
11.33
11.371
11.413
11.455
11.496
11.538
11.58
11.621
11.663
11.705
11.746
11.788
11.83
11.871
11.913
11.955
11.996
12.038
12.08
12.121
12.163
12.205
12.246
12.288
12.33
12.371
12.413
12.455
12.496
12.538
12.58
12.621
12.663
12.705
12.746
12.788
12.83
12.871
12.913
12.955
12.996
13.038
13.08
13.121
13.163
13.205
13.246
13.288
13.33
13.371
13.413
13.455
13.496
13.538
13.58
13.621
13.663
13.705
13.746
13.788
13.83
13.871
13.913
13.955
13.996
14.038
14.08
14.121
14.163
14.205
14.246
14.288
14.33
14.371
14.413
14.455
14.496
14.538
14.58
14.621
14.663
14.705
14.746
14.788
14.83
14.871
14.913
14.955
14.996
15.038
15.08
15.121
15.163
15.205
15.246
15.288
15.33
15.371
15.413
15.455
15.496
15.538
15.58
15.621
15.663
15.705
15.746
15.788
15.83
15.871
15.913
15.955
15.996
16.038
16.08
16.121
16.163
16.205
16.246
16.288
16.33
16.371
16.413
16.455
16.496
16.538
16.58
16.621
16.663
16.705
16.746
16.788
16.83
16.871
16.913
16.955
16.996
17.038
17.08
17.121
17.163
17.205
17.246
17.288
17.33
17.371
17.413
17.455
17.496
17.538
17.58
17.621
17.663
17.705
17.746
17.788
17.83
17.871
17.913
17.955
17.996
18.038
18.08
18.121
18.163
18.205
18.246
18.288
18.33
18.371
18.413
18.455
18.496
18.538
18.58
18.621
18.663
18.705
18.746
18.788
18.83
18.871
18.913
18.955
18.996
19.038
19.08
19.121
19.163
19.205
19.246
19.288
19.33
19.371
19.413
19.455
19.496
19.538
19.58
19.621
19.663
19.705
19.746
19.788
19.83
19.871
19.913
19.955
19.996
20.038
20.08
20.121
20.163
20.205
20.246
20.288
20.33
20.371
20.413
20.455
20.496
20.538
20.58
20.621
20.663
20.705
20.746
20.788
20.83
20.871
20.913
20.955
20.996
21.038
21.08
21.121
21.163
21.205
21.246
21.288
21.33
21.371
21.413
21.455
21.496
21.538
21.58
21.621
21.663
21.705
21.746
21.788
21.83
21.871
21.913
21.955
21.996
22.038
22.08
22.121
22.163
22.205
22.246
22.288
22.33
22.371
22.413
22.455
22.496
22.538
22.58
22.621
22.663
22.705
22.746
22.788
22.83
22.871
22.913
22.955
22.996
23.038
23.08
23.121
23.163
23.205
23.246
23.288
23.33
23.371
23.413
23.455
23.496
23.538
23.58
23.621
23.663
23.705
23.746
23.788
23.83
23.871
23.913
23.955
23.996
24.038
24.08
24.121
24.163
24.205
24.246
24.288
24.33
24.371
24.413
24.455
24.496
24.538
24.58
24.621
24.663
24.705
24.746
24.788
24.83
24.871
24.913
24.955
24.996
25.038
25.08
25.121
25.163
25.205
25.246
25.288
25.33
25.371
25.413
25.455
25.496
25.538
25.58
25.621
25.663
25.705
25.746
25.788
25.83
25.871
25.913
25.955
25.996
26.038
26.08
26.121
26.163
26.205
26.246
26.288
26.33
26.371
26.413
26.455
26.496
26.538
26.58
26.621
26.663
26.705
26.746
26.788
26.83
26.871
26.913
26.955
26.996
27.038
27.08
27.121
27.163
27.205
27.246
27.288
27.33
27.371
27.413
27.455
27.496
27.538
27.58
27.621
27.663
27.705
27.746
27.788
27.83
27.871
27.913
27.955
27.996
28.038
28.08
28.121
28.163
28.205
28.246
28.288
28.33
28.371
28.413
28.455
28.496
28.538
28.58
28.621
28.663
28.705
28.746
28.788
28.83
28.871
28.913
28.955
28.996
29.038
29.08
29.121
29.163
29.205
29.246
29.288
29.33
29.371
29.413
0.032
0.073
0.115
0.157
0.198
0.24
0.282
0.323
0.365
0.407
0.448
0.49
0.532
0.573
0.615
0.657
0.698
0.74
0.782
0.823
0.865
0.907
0.948
0.99
1.032
1.073
1.115
1.157
1.198
1.24
1.282
1.323
1.365
1.407
1.448
1.49
1.532
1.573
1.615
1.657
1.698
1.74
1.782
1.823
1.865
1.907
1.948
1.99
2.032
2.073
2.115
2.157
2.198
2.24
2.282
2.323
2.365
2.407
2.448
2.49
2.532
2.573
2.615
2.657
2.698
2.74
2.782
2.823
2.865
2.907
2.948
2.99
3.032
3.073
3.115
3.157
3.198
3.24
3.282
3.323
3.365
3.407
3.448
3.49
3.532
3.573
3.615
3.657
3.698
3.74
3.782
3.823
3.865
3.907
3.948
3.99
4.032
4.073
4.115
4.157
4.198
4.24
4.282
4.323
4.365
4.407
4.448
4.49
4.532
4.573
4.615
4.657
4.698
4.74
4.782
4.823
4.865
4.907
4.948
4.99
5.032
5.073
5.115
5.157
5.198
5.24
5.282
5.323
5.365
5.407
5.448
5.49
5.532
5.573
5.615
5.657
5.698
5.74
5.782
5.823
5.865
5.907
5.948
5.99
6.032
6.073
6.115
6.157
6.198
6.24
6.282
6.323
6.365
6.407
6.448
6.49
6.532
6.573
6.615
6.657
6.698
6.74
6.782
6.823
6.865
6.907
6.948
6.99
7.032
7.073
7.115
7.157
7.198
7.24
7.282
7.323
7.365
7.407
7.448
7.49
7.532
7.573
7.615
7.657
7.698
7.74
7.782
7.823
7.865
7.907
7.948
7.99
8.032
8.073
8.115
8.157
8.198
8.24
8.282
8.323
8.365
8.407
8.448
8.49
8.532
8.573
8.615
8.657
8.698
8.74
8.782
8.823
8.865
8.907
8.948
8.99
9.032
9.073
9.115
9.157
9.198
9.24
9.282
9.323
9.365
9.407
9.448
9.49
9.532
9.573
9.615
9.657
9.698
9.74
9.782
9.823
9.865
9.907
9.948
9.99
10.032
10.073
10.115
10.157
10.198
10.24
10.282
10.323
10.365
10.407
10.448
10.49
10.532
10.573
10.615
10.657
10.698
10.74
10.782
10.823
10.865
10.907
10.948
10.99
11.032
11.073
11.115
11.157
11.198
11.24
11.282
11.323
11.365
11.407
11.448
11.49
11.532
11.573
11.615
11.657
11.698
11.74
11.782
11.823
11.865
11.907
11.948
11.99
12.032
12.073
12.115
12.157
12.198
12.24
12.282
12.323
12.365
12.407
12.448
12.49
12.532
12.573
12.615
12.657
12.698
12.74
12.782
12.823
12.865
12.907
12.948
12.99
13.032
13.073
13.115
13.157
13.198
13.24
13.282
13.323
13.365
13.407
13.448
13.49
13.532
13.573
13.615
13.657
13.698
13.74
13.782
13.823
13.865
13.907
13.948
13.99
14.032
14.073
14.115
14.157
14.198
14.24
14.282
14.323
14.365
14.407
14.448
14.49
14.532
14.573
14.615
14.657
14.698
14.74
14.782
14.823
14.865
14.907
14.948
14.99
15.032
15.073
15.115
15.157
15.198
15.24
15.282
15.323
15.365
15.407
15.448
15.49
15.532
15.573
15.615
15.657
15.698
15.74
15.782
15.823
15.865
15.907
15.948
15.99
16.032
16.073
16.115
16.157
16.198
16.24
16.282
16.323
16.365
16.407
16.448
16.49
16.532
16.573
16.615
16.657
16.698
16.74
16.782
16.823
16.865
16.907
16.948
16.99
17.032
17.073
17.115
17.157
17.198
17.24
17.282
17.323
17.365
17.407
17.448
17.49
17.532
17.573
17.615
17.657
17.698
17.74
17.782
17.823
17.865
17.907
17.948
17.99
18.032
18.073
18.115
18.157
18.198
18.24
18.282
18.323
18.365
18.407
18.448
18.49
18.532
18.573
18.615
18.657
18.698
18.74
18.782
18.823
18.865
18.907
18.948
18.99
19.032
19.073
19.115
19.157
19.198
19.24
19.282
19.323
19.365
19.407
19.448
19.49
19.532
19.573
19.615
19.657
19.698
19.74
19.782
19.823
19.865
19.907
19.948
19.99
20.032
20.073
20.115
20.157
20.198
20.24
20.282
20.323
20.365
20.407
20.448
20.49
20.532
20.573
20.615
20.657
20.698
20.74
20.782
20.823
20.865
20.907
20.948
20.99
21.032
21.073
21.115
21.157
21.198
21.24
21.282
21.323
21.365
21.407
21.448
21.49
21.532
21.573
21.615
21.657
21.698
21.74
21.782
21.823
21.865
21.907
21.948
21.99
22.032
22.073
22.115
22.157
22.198
22.24
22.282
22.323
22.365
22.407
22.448
22.49
22.532
22.573
22.615
22.657
22.698
22.74
22.782
22.823
22.865
22.907
22.948
22.99
23.032
23.073
23.115
23.157
23.198
23.24
23.282
23.323
23.365
23.407
23.448
23.49
23.532
23.573
23.615
23.657
23.698
23.74
23.782
23.823
23.865
23.907
23.948
23.99
24.032
24.073
24.115
24.157
24.198
24.24
24.282
24.323
24.365
24.407
24.448
24.49
24.532
24.573
24.615
24.657
24.698
24.74
24.782
24.823
24.865
24.907
24.948
24.99
25.032
25.073
25.115
25.157
25.198
25.24
25.282
25.323
25.365
25.407
25.448
25.49
25.532
25.573
25.615
25.657
25.698
25.74
25.782
25.823
25.865
25.907
25.948
25.99
26.032
26.073
26.115
26.157
26.198
26.24
26.282
26.323
26.365
26.407
26.448
26.49
26.532
26.573
26.615
26.657
26.698
26.74
26.782
26.823
26.865
26.907
26.948
26.99
27.032
27.073
27.115
27.157
27.198
27.24
27.282
27.323
27.365
27.407
27.448
27.49
27.532
27.573
27.615
27.657
27.698
27.74
27.782
27.823
27.865
27.907
27.948
27.99
28.032
28.073
28.115
28.157
28.198
28.24
28.282
28.323
28.365
28.407
28.448
28.49
28.532
28.573
28.615
28.657
28.698
28.74
28.782
28.823
28.865
28.907
28.948
28.99
29.032
29.073
29.115
29.157
29.198
29.24
29.282
29.323
29.365
29.407
0.012
0.053
0.095
0.137
0.178
0.22
0.262
0.303
0.345
0.387
0.428
0.47
0.512
0.553
0.595
0.637
0.678
0.72
0.762
0.803
0.845
0.887
0.928
0.97
1.012
1.053
1.095
1.137
1.178
1.22
1.262
1.303
1.345
1.387
1.428
1.47
1.512
1.553
1.595
1.637
1.678
1.72
1.762
1.803
1.845
1.887
1.928
1.97
2.012
2.053
2.095
2.137
2.178
2.22
2.262
2.303
2.345
2.387
2.428
2.47
2.512
2.553
2.595
2.637
2.678
2.72
2.762
2.803
2.845
2.887
2.928
2.97
3.012
3.053
3.095
3.137
3.178
3.22
3.262
3.303
3.345
3.387
3.428
3.47
3.512
3.553
3.595
3.637
3.678
3.72
3.762
3.803
3.845
3.887
3.928
3.97
4.012
4.053
4.095
4.137
4.178
4.22
4.262
4.303
4.345
4.387
4.428
4.47
4.512
4.553
4.595
4.637
4.678
4.72
4.762
4.803
4.845
4.887
4.928
4.97
5.012
5.053
5.095
5.137
5.178
5.22
5.262
5.303
5.345
5.387
5.428
5.47
5.512
5.553
5.595
5.637
5.678
5.72
5.762
5.803
5.845
5.887
5.928
5.97
6.012
6.053
6.095
6.137
6.178
6.22
6.262
6.303
6.345
6.387
6.428
6.47
6.512
6.553
6.595
6.637
6.678
6.72
6.762
6.803
6.845
6.887
6.928
6.97
7.012
7.053
7.095
7.137
7.178
7.22
7.262
7.303
7.345
7.387
7.428
7.47
7.512
7.553
7.595
7.637
7.678
7.72
7.762
7.803
7.845
7.887
7.928
7.97
8.012
8.053
8.095
8.137
8.178
8.22
8.262
8.303
8.345
8.387
8.428
8.47
8.512
8.553
8.595
8.637
8.678
8.72
8.762
8.803
8.845
8.887
8.928
8.97
9.012
9.053
9.095
9.137
9.178
9.22
9.262
9.303
9.345
9.387
9.428
9.47
9.512
9.553
9.595
9.637
9.678
9.72
9.762
9.803
9.845
9.887
9.928
9.97
10.012
10.053
10.095
10.137
10.178
10.22
10.262
10.303
10.345
10.387
10.428
10.47
10.512
10.553
10.595
10.637
10.678
10.72
10.762
10.803
10.845
10.887
10.928
10.97
11.012
11.053
11.095
11.137
11.178
11.22
11.262
11.303
11.345
11.387
11.428
11.47
11.512
11.553
11.595
11.637
11.678
11.72
11.762
11.803
11.845
11.887
11.928
11.97
12.012
12.053
12.095
12.137
12.178
12.22
12.262
12.303
12.345
12.387
12.428
12.47
12.512
12.553
12.595
12.637
12.678
12.72
12.762
12.803
12.845
12.887
12.928
12.97
13.012
13.053
13.095
13.137
13.178
13.22
13.262
13.303
13.345
13.387
13.428
13.47
13.512
13.553
13.595
13.637
13.678
13.72
13.762
13.803
13.845
13.887
13.928
13.97
14.012
14.053
14.095
14.137
14.178
14.22
14.262
14.303
14.345
14.387
14.428
14.47
14.512
14.553
14.595
14.637
14.678
14.72
14.762
14.803
14.845
14.887
14.928
14.97
15.012
15.053
15.095
15.137
15.178
15.22
15.262
15.303
15.345
15.387
15.428
15.47
15.512
15.553
15.595
15.637
15.678
15.72
15.762
15.803
15.845
15.887
15.928
15.97
16.012
16.053
16.095
16.137
16.178
16.22
16.262
16.303
16.345
16.387
16.428
16.47
16.512
16.553
16.595
16.637
16.678
16.72
16.762
16.803
16.845
16.887
16.928
16.97
17.012
17.053
17.095
17.137
17.178
17.22
17.262
17.303
17.345
17.387
17.428
17.47
17.512
17.553
17.595
17.637
17.678
17.72
17.762
17.803
17.845
17.887
17.928
17.97
18.012
18.053
18.095
18.137
18.178
18.22
18.262
18.303
18.345
18.387
18.428
18.47
18.512
18.553
18.595
18.637
18.678
18.72
18.762
18.803
18.845
18.887
18.928
18.97
19.012
19.053
19.095
19.137
19.178
19.22
19.262
19.303
19.345
19.387
19.428
19.47
19.512
19.553
19.595
19.637
19.678
19.72
19.762
19.803
19.845
19.887
19.928
19.97
20.012
20.053
20.095
20.137
20.178
20.22
20.262
20.303
20.345
20.387
20.428
20.47
20.512
20.553
20.595
20.637
20.678
20.72
20.762
20.803
20.845
20.887
20.928
20.97
21.012
21.053
21.095
21.137
21.178
21.22
21.262
21.303
21.345
21.387
21.428
21.47
21.512
21.553
21.595
21.637
21.678
21.72
21.762
21.803
21.845
21.887
21.928
21.97
22.012
22.053
22.095
22.137
22.178
22.22
22.262
22.303
22.345
22.387
22.428
22.47
22.512
22.553
22.595
22.637
22.678
22.72
22.762
22.803
22.845
22.887
22.928
22.97
23.012
23.053
23.095
23.137
23.178
23.22
23.262
23.303
23.345
23.387
23.428
23.47
23.512
23.553
23.595
23.637
23.678
23.72
23.762
23.803
23.845
23.887
23.928
23.97
24.012
24.053
24.095
24.137
24.178
24.22
24.262
24.303
24.345
24.387
24.428
24.47
24.512
24.553
24.595
24.637
24.678
24.72
24.762
24.803
24.845
24.887
24.928
24.97
25.012
25.053
25.095
25.137
25.178
25.22
25.262
25.303
25.345
25.387
25.428
25.47
25.512
25.553
25.595
25.637
25.678
25.72
25.762
25.803
25.845
25.887
25.928
25.97
26.012
26.053
26.095
26.137
26.178
26.22
26.262
26.303
26.345
26.387
26.428
26.47
26.512
26.553
26.595
26.637
26.678
26.72
26.762
26.803
26.845
26.887
26.928
26.97
27.012
27.053
27.095
27.137
27.178
27.22
27.262
27.303
27.345
27.387
27.428
27.47
27.512
27.553
27.595
27.637

