4.74
4.52
4.31
4.11
3.91
3.71
3.52
3.34
3.16
2.98
2.81
2.65
2.49
2.33
2.18
2.04
1.90
1.76
1.63
1.51
1.39
1.27
1.16
1.06
0.96
0.87
0.78
0.70
0.62
0.55
0.48
0.42
0.36
0.31
0.26
0.22
0.19
0.16
0.13
0.11
0.10
0.09
0.09
0.09
0.10
0.11
0.13
0.15
0.18
0.21
0.25
0.30
0.34
0.40
0.46
0.52
0.59
0.67
0.75
0.83
0.92
1.02
1.12
1.22
1.34
1.45
1.57
1.70
1.83
1.96
2.10
2.24
2.39
2.55
2.70
2.87
3.03
3.21
3.38
3.56
3.75
3.94
4.14
4.33
4.54
4.74
4.96
5.17
5.39
5.62
5.84
6.08
6.31
6.55
6.80
7.04
7.30
7.55
7.81
8.07
8.34
8.61
8.88
9.16
9.44
9.73
10.01
10.30
10.60
10.90
11.20
11.50
11.81
12.12
12.43
12.75
13.06
13.39
13.71
14.04
14.37
14.70
15.04
15.37
15.71
16.06
16.40
16.75
17.10
17.45
17.81
18.16
18.52
18.89
19.25
19.61
19.98
20.35
20.72
21.10
21.47
21.85
22.23
22.61
22.99
23.37
23.76
24.15
24.53
24.92
25.32
25.71
26.10
26.50
26.89
27.29
27.69
28.09
28.49
28.90
29.30
29.70
30.11
30.52
30.92
31.33
31.74
32.15
32.56
32.97
33.38
33.80
34.21
34.62
35.04
35.45
35.87
36.28
36.70
37.11
37.53
37.95
38.37
38.78
39.20
39.62
40.04
40.46
40.88
41.29
41.71
42.13
42.55
42.97
43.39
43.81
44.22
44.64
45.06
45.48
45.90
46.31
46.73
47.15
47.56
47.98
48.40
48.81
49.23
49.64
50.06
50.47
50.88
51.30
51.71
52.12
52.53
52.94
53.35
53.76
54.17
54.57
54.98
55.39
55.79
56.20
56.60
57.00
57.41
57.81
58.21
58.61
59.00
59.40
59.80
60.19
60.59
60.98
61.37
61.76
62.16
62.54
62.93
63.32
63.70
64.09
64.47
64.85
65.23
65.61
65.99
66.37
66.75
67.12
67.49
67.86
68.23
68.60
68.97
69.34
69.70
70.07
70.43
70.79
71.15
71.50
71.86
72.21
72.57
72.92
73.27
73.61
73.96
74.31
74.65
74.99
75.33
75.67
76.00
76.34
76.67
77.00
77.33
77.66
77.98
78.31
78.63
78.95
79.27
79.58
79.90
80.21
80.52
80.83
81.14
81.44
81.74
82.04
82.34
82.64
82.93
83.23
83.52
83.80
84.09
84.37
84.66
84.94
85.21
85.49
85.76
86.03
86.30
86.57
86.83
87.10
87.36
87.61
87.87
88.12
88.37
88.62
88.87
89.11
89.35
89.59
89.83
90.06
90.29
90.52
90.75
90.97
91.20
91.41
91.63
91.85
92.06
92.27
92.47
92.68
92.88
93.08
93.27
93.47
93.66
93.85
94.03
94.21
94.39
94.57
94.75
94.92
95.09
95.25
95.42
95.58
95.74
95.89
96.04
96.19
96.34
96.49
96.63
96.77
96.90
97.03
97.16
97.29
97.41
97.53
97.65
97.77
97.88
97.99
98.09
98.20
98.30
98.39
98.49
98.58
98.67
98.75
98.83
98.91
98.99
99.06
99.13
99.20
99.26
99.32
99.38
99.43
99.48
99.53
99.57
99.62
99.65
99.69
99.72
99.75
99.77
99.80
99.81
99.83
99.84
99.85
99.86
99.86
99.86
99.86
99.85
99.84
99.83
99.81
99.79
99.76
99.74
99.71
99.67
99.64
99.60
99.55
99.51
99.46
99.41
99.35
99.29
99.23
99.16
99.09
99.02
98.94
98.86
98.78
98.69
98.60
98.51
98.41
98.31
98.21
98.10
97.99
97.88
97.76
97.64
97.52
97.40
97.27
97.13
97.00
96.86
96.71
96.57
96.42
96.27
96.11
95.95
95.79
95.62
95.45
95.28
95.11
94.93
94.75
94.56
94.37
94.18
93.99
93.79
93.59
93.38
93.17
92.96
92.75
92.53
92.31
92.09
91.86
91.63
91.40
91.16
90.92
90.68
90.43
90.19
89.93
89.68
89.42
89.16
88.90
88.63
88.36
88.09
87.81
87.54
87.25
86.97
86.68
86.39
86.10
85.80
85.50
85.20
84.90
84.59
84.28
83.97
83.65
83.33
83.01
82.69
82.36
82.03
81.70
81.37
81.03
80.69
80.35
80.00
79.66
79.31
78.96
78.60
78.24
77.88
77.52
77.16
76.79
76.42
76.05
75.67
75.30
74.92
74.54
74.16
73.77
73.38
72.99
72.60
72.21
71.81
71.41
71.01
70.61
70.21
69.80
69.39
68.98
68.57
68.16
67.74
67.33
66.91
66.49
66.06
65.64
65.22
64.79
64.36
63.93
63.50
63.06
62.63
62.19
61.75
61.31
60.87
60.43
59.99
59.54
59.10
58.65
58.20
57.75
57.30
56.85
56.40
55.95
55.49
55.04
54.58
54.12
53.67
53.21
52.75
52.29
51.83
51.37
50.91
50.44
49.98
49.52
49.05
48.59
48.12
47.66
47.19
46.73
46.26
45.80
45.33
44.87
44.40
43.94
43.47
43.01
42.54
42.07
41.61
41.15
40.68
40.22
39.75
39.29
38.83
38.37
37.91
37.44
36.98
36.53
36.07
35.61
35.15
34.70
34.24
33.79
33.34
32.88
32.43
31.98
31.54
31.09
30.64
30.20
29.76
29.32
28.88
28.44
28.00
27.57
27.14
26.71
26.28
25.85
25.43
25.00
24.58
24.16
23.75
23.33
22.92
22.51
22.10
21.70
21.29
20.89
20.50
20.10
19.71
19.32
18.93
18.55
18.16
17.79
17.41
17.04
16.67
16.30
15.94
15.58
15.22
14.87
14.52
14.17
13.82
13.48
13.15
12.81
12.48
12.16
11.83
11.52
11.20
10.89
10.58
10.28
9.98
9.68
9.39
9.10
8.82
8.54
8.26
7.99
7.72
7.46
7.20
6.95
6.70
6.45
6.21
5.97
5.74
5.51
5.29
5.07
4.85
4.64
4.44
4.24
4.04
3.85
3.66
3.48
3.30
3.13
2.96
2.80
2.64
2.49
2.34
2.20
2.06
1.92
1.79
1.67
1.55
1.44
1.33
1.22
1.12
1.03
0.94
0.85
0.78
0.70
0.63
0.57
0.51
0.45
0.40
0.36
0.32
0.28
0.25
0.23
0.21
0.19
0.18
0.18
0.18
0.18
0.19
0.21
0.23
0.25
0.28
0.31
0.35
0.40
0.44
0.50
0.55
0.62
0.68
0.76
0.83
0.91
1.00
1.09
1.18
1.28
1.39
1.50
1.61
1.73
1.85
1.97
2.10
2.24
2.38
2.52
2.67
2.82
2.98
3.14
3.30
3.47
3.64
3.82
4.00
4.18
4.37
4.56
4.76
4.96
5.16
5.37
5.58
5.79
6.01
6.23
6.45
6.68
6.92
7.15
7.39
7.63
7.88
8.13
8.38
8.63
8.89
9.15
9.42
9.69
9.96
10.23
10.51
10.79
11.07
11.36
11.64
11.94
12.23
12.53
12.82
13.13
13.43
13.74
14.05
14.36
14.67
14.99
15.31
15.63
15.95
16.28
16.60
16.93
17.27
17.60
17.94
18.27
18.61
18.96
19.30
19.65
19.99
20.34
20.69
21.05
21.40
21.76
22.12
22.48
22.84
23.20
23.56
23.93
24.30
24.66
25.03
25.41
25.78
26.15
26.53
26.90
27.28
27.66
28.04
28.42
28.80
29.18
29.56
29.95
30.33
30.72
31.11
31.50
31.89
32.27
32.67
33.06
33.45
33.84
34.23
34.63
35.02
35.42
35.81
36.21
36.60
37.00
37.40
37.80
38.19
38.59
38.99
39.39
39.79
40.19
40.59
40.99
41.39
41.79
42.19
42.59
42.99
43.39
43.80
44.20
44.60
45.00
45.40
45.80
46.20
46.60
47.00
47.40
47.80
48.20
48.60
49.00
49.40
49.80
50.20
50.60
51.00
51.40
51.79
52.19
52.59
52.98
53.38
53.78
54.17
54.57
54.96
55.35
55.75
56.14
56.53
56.92
57.31
57.70
58.09
58.48
58.87
59.25
59.64
60.03
60.41
60.79
61.18
61.56
61.94
62.32
62.70
63.08
63.46
63.83
64.21
64.59
64.96
65.33
65.70
66.08
66.45
66.81
67.18
67.55
67.91
68.28
68.64
69.00
69.36
69.72
70.08
70.44
70.79
71.15
71.50
71.85
72.20
72.55
72.90
73.25
73.59
73.94
74.28
74.62
74.96
75.30
75.63
75.97
76.30
76.63
76.96
77.29
77.62
77.94
78.27
78.59
78.91
79.23
79.54
79.86
80.17
80.48
80.79
81.10
81.40
81.71
82.01
82.31
82.61
82.91
83.20
83.49
83.78
84.07
84.36
84.64
84.93
85.21
85.49
85.76
86.04
86.31
86.58
86.85
87.11
87.37
87.64
87.89
88.15
88.41
88.66
88.91
89.15
89.40
89.64
89.88
90.12
90.36
90.59
90.82
91.05
91.27
91.50
91.72
91.93
92.15
92.36
92.57
92.78
92.98
93.19
93.38
93.58
93.78
93.97
94.16
94.34
94.52
94.70
94.88
95.06
95.23
95.40
95.56
95.72
95.88
96.04
96.20
96.35
96.49
96.64
96.78
96.92
97.06
97.19
97.32
97.45
97.57
97.69
97.81
97.92
98.03
98.14
98.24
98.35
98.44
98.54
98.63
98.72
98.80
98.88
98.96
99.04
99.11
99.18
99.24
99.30
99.36
99.41
99.47
99.51
99.56
99.60
99.63
99.67
99.70
99.72
99.75
99.77
99.78
99.80
99.80
99.81
99.81
99.81
99.80
99.79
99.78
99.77
99.75
99.72
99.69
99.66
99.63
99.59
99.55
99.50
99.45
99.40
99.34
99.28
99.22
99.15
99.08
99.00
98.92
98.84
98.76
98.66
98.57
98.47
98.37
98.27
98.16
98.05
97.93
97.81
97.68
97.56
97.43
97.29
97.15
97.01
96.86
96.71
96.56
96.40
96.24
96.08
95.91
95.74
95.56
95.38
95.20
95.01
94.82
94.63
94.43
94.23
94.02
93.82
93.60
93.39
93.17
92.95
92.72
92.49
92.26
92.02
91.78
91.53
91.29
91.04
90.78
90.52
90.26
90.00
89.73
89.46
89.18
88.90
88.62
88.34
88.05
87.76
87.46
87.17
86.87
86.56
86.25
85.94
85.63
85.31
84.99
84.67
84.34
84.01
83.68
83.35
83.01
82.67
82.32
81.98
81.63
81.27
80.92
80.56
80.20
79.83
79.47
79.10
78.73
78.35
77.98
77.60
77.21
76.83
76.44
76.05
75.66
75.27
74.87
74.47
74.07
73.66
73.26
72.85
72.44
72.03
71.61
71.19
70.78
70.35
69.93
69.51
69.08
68.65
68.22
67.79
67.35
66.92
66.48
66.04
65.60
65.16
64.71
64.27
63.82
63.37
62.92
62.47
62.02
61.56
61.11
60.65
60.19
59.74
59.28
58.81
58.35
57.89
57.43
56.96
56.49
56.03
55.56
55.09
54.62
54.15
53.68
53.21
52.74
52.27
51.80
51.33
50.85
50.38
49.91
49.43
48.96
48.49
48.01
47.54
47.06
46.59
46.12
45.64
45.17
44.70
44.22
43.75
43.28
42.81
42.33
41.86
41.39
40.92
40.45
39.99
39.52
39.05
38.58
38.12
37.65
37.19
36.73
36.27
35.81
35.35
34.89
34.43
33.98
33.52
33.07
32.62
32.17
31.72
31.27
30.83
30.38
29.94
29.50
29.06
28.63
28.19
27.76
27.33
26.90
26.47
26.05
25.62
25.20
24.79
24.37
23.96
23.55
23.14
22.73
22.33
21.92
21.53
21.13
20.74
20.35
19.96
19.57
19.19
18.81
18.43
18.06
17.69
17.32
16.96
16.60
16.24
15.88
15.53
15.18
14.84
14.50
14.16
13.82
13.49
13.16
12.84
12.52
12.20
11.88
11.57
11.27
10.96
10.66
10.37
10.08
9.79
9.50
9.22
8.95
8.67
8.41
8.14
7.88
7.62
7.37
7.12
6.88
6.64
6.40
6.17
5.94
5.72
5.50
5.29
5.08
4.87
4.67
4.47
4.28
4.09
3.90
3.72
3.55
3.38
3.21
3.05
2.89
2.73
2.58
2.44
2.30
2.16
2.03
1.90
1.78
1.66
1.55
1.44
1.34
1.24
1.14
1.05
0.96
0.88
0.81
0.73
0.66
0.60
0.54
0.49
0.44
0.39
0.35
0.31
0.28
0.25
0.23
0.21
0.19
0.18
0.18
0.18
0.18
0.19
0.20
0.21
0.24
0.26
0.29
0.32
0.36
0.40
0.45
0.50
0.55
0.61
0.67
0.74
0.81
0.89
0.97
1.05
1.14
1.23
1.33
1.42
1.53
1.64
1.75
1.86
1.98
2.10
2.23
2.36
2.50
2.63
2.78
2.92
3.07
3.22
3.38
3.54
3.70
3.87
4.04
4.22
4.39
4.57
4.76
4.95
5.14
5.33
5.53
5.73
5.93
6.14
6.35
6.57
6.78
7.00
7.23
7.45
7.68
7.91
8.15
8.39
8.63
8.87
9.12
9.37
9.62
9.87
10.13
10.39
10.65
10.92
11.18
11.46
11.73
12.00
12.28
12.56
12.84
13.13
13.42
13.71
14.00
14.29
14.59
14.89
15.19
15.49
15.80
16.10
16.41
16.72
17.04
17.35
17.67
17.99
18.31
18.63
18.96
19.28
19.61
19.94
20.27
20.61
20.94
21.28
21.62
21.96
22.30
22.64
22.99
23.33
23.68
24.03
24.38
24.73
25.08
25.44
25.80
26.15
26.51
26.87
27.23
27.59
27.96
28.32
28.69
29.05
29.42
29.79
30.16
30.53
30.90
31.27
31.64
32.02
32.39
32.77
33.15
33.52
33.90
34.28
34.66
35.04
35.42
35.81
36.19
36.57
36.96
37.34
37.73
38.11
38.50
38.88
39.27
39.66
40.05
40.44
40.83
41.21
41.60
41.99
42.38
42.78
43.17
43.56
43.95
44.34
44.73
45.13
45.52
45.91
46.30
46.70
47.09
47.48
47.87
48.27
48.66
49.05
49.45
49.84
50.23
50.62
51.02
51.41
51.80
52.19
52.59
52.98
53.37
53.76
54.15
54.54
54.93
55.32
55.71
56.10
56.49
56.88
57.27
57.66
58.05
58.43
58.82
59.21
59.59
59.98
60.36
60.75
61.13
61.51
61.90
62.28
62.66
63.04
63.42
63.80
64.18
64.55
64.93
65.31
65.68
66.05
66.43
66.80
67.17
67.54
67.91
68.28
68.65
69.01
69.38
69.75
70.11
70.47
70.83
71.19
71.55
71.91
72.27
72.62
72.98
73.33
73.68
74.03
74.38
74.73
75.08
75.42
75.76
76.11
76.45
76.79
77.12
77.46
77.80
78.13
78.46
78.79
79.12
79.45
79.77
80.09
80.42
80.74
81.05
81.37
81.69
82.00
82.31
82.62
82.93
83.23
83.53
83.84
84.14
84.43
84.73
85.02
85.31
85.60
85.89
86.17
86.45
86.74
87.01
87.29
87.56
87.83
88.10
88.37
88.63
88.89
89.15
89.41
89.66
89.92
90.17
90.41
90.66
90.90
91.14
91.37
91.61
91.84
92.06
92.29
92.51
92.73
92.95
93.16
93.37
93.58
93.79
93.99
94.19
94.38
94.58
94.77
94.95
95.14
95.32
95.49
95.67
95.84
96.01
96.17
96.33
96.49
96.65
96.80
96.95
97.09
97.23
97.37
97.50
97.63
97.76
97.88
98.01
98.12
98.23
98.34
98.45
98.55
98.65
98.75
98.84
98.92
99.01
99.09
99.16
99.24
99.30
99.37
99.43
99.49
99.54
99.59
99.63
99.67
99.71
99.74
99.77
99.80
99.82
99.84
99.85
99.86
99.86
99.86
99.86
99.85
99.84
99.83
99.81
99.78
99.76
99.72
99.69
99.65
99.60
99.55
99.50
99.44
99.38
99.32
99.25
99.17
99.09
99.01
98.93
98.83
98.74
98.64
98.54
98.43
98.32
98.20
98.08
97.95
97.83
97.69
97.56
97.41
97.27
97.12
96.96
96.80
96.64
96.48
96.30
96.13
95.95
95.77
95.58
95.39
95.19
94.99
94.79
94.58
94.37
94.15
93.93
93.71
93.48
93.25
93.01
92.77
92.53
92.28
92.03
91.77
91.51
91.25
90.98
90.71
90.44
90.16
89.88
89.59
89.30
89.01
88.71
88.41
88.11
87.80
87.49
87.17
86.86
86.54
86.21
85.88
85.55
85.22
84.88
84.54
84.19
83.84
83.49
83.14
82.78
82.42
82.06
81.69
81.32
80.95
80.57
80.20
79.82
79.43
79.05
78.66
78.26
77.87
77.47
77.07
76.67
76.27
75.86
75.45
75.04
74.62
74.21
73.79
73.37
72.94
72.52
72.09
71.66
71.23
70.80
70.36
69.92
69.48
69.04
68.60
68.15
67.71
67.26
66.81
66.36
65.91
65.45
65.00
64.54
64.08
63.62
63.16
62.70
62.24
61.77
61.31
60.84
60.38
59.91
59.44
58.97
58.50
58.03
57.56
57.08
56.61
56.14
55.66
55.19
54.71
54.23
53.76
53.28
52.81
52.33
51.85
51.37
50.90
50.42
49.94
49.47
48.99
48.51
48.04
47.56
47.08
46.61
46.13
45.66
45.18
44.71
44.24
43.76
43.29
42.82
42.35
41.88
41.41
40.94
40.47
40.01
39.54
39.08
38.61
38.15
37.69
37.23
36.77
36.31
35.86
35.40
34.95
34.50
34.05
33.60
33.15
32.71
32.26
31.82
31.38
30.94
30.51
30.07
29.64
29.21
28.78
28.35
27.93
27.50
27.08
26.66
26.25
25.83
25.42
25.01
24.61
24.20
23.80
23.40
23.00
22.61
22.22
21.83
21.44
21.05
20.67
20.29
19.92
19.55
19.17
18.81
18.44
18.08
17.72
17.37
17.01
16.66
16.32
15.97
15.63
15.30
14.96
14.63
14.30
13.98
13.66
13.34
13.02
12.71
12.41
12.10
11.80
11.50
11.21
10.92
10.63
10.35
10.07
9.79
9.52
9.25
8.99
8.72
8.47
8.21
7.96
7.71
7.47
7.23
7.00
6.76
6.54
6.31
6.09
5.88
5.66
5.45
5.25
5.05
4.85
4.66
4.47
4.28
4.10
3.93
3.75
3.58
3.42
3.26
3.10
2.95
2.80
2.65
2.51
2.37
2.24
2.11
1.98
1.86
1.74
1.63
1.52
1.42
1.32
1.22
1.13
1.04
0.95
0.87
0.79
0.72
0.65
0.59
0.53
0.47
0.42
0.37
0.32
0.28
0.24
0.21
0.18
0.16
0.14
0.12
0.11
0.10
0.09
0.09
0.09
0.10
0.11
0.12
0.14
0.16
0.19
0.22
0.25
0.29
0.33
0.37
0.42
0.47
0.53
0.59
0.65
0.71
0.78
0.86
0.94
1.02
1.10
1.19
1.28
1.38
1.48
1.58
1.68
1.79
1.91
2.02
2.14
2.27
2.39
2.52
2.65
2.79
2.93
3.07
3.22
3.37
3.52
3.68
3.84
4.00
4.16
4.33
4.50
4.68
4.86
5.04
5.22
5.41
5.60
5.79
5.98
6.18
6.38
6.59
6.80
7.01
7.22
7.43
7.65
7.87
8.10
8.32
8.55
8.78
9.02
9.25
9.49
9.73
9.98
10.23
10.47
10.73
10.98
11.24
11.50
11.76
12.02
12.29
12.56
12.83
13.10
13.38
13.65
13.93
14.21
14.50
14.78
15.07
15.36
15.66
15.95
16.25
16.54
16.84
17.15
17.45
17.76
18.07
18.38
18.69
19.00
19.32
19.63
19.95
20.27
20.60
20.92
21.25
21.57
21.90
22.23
22.57
22.90
23.24
23.57
23.91
24.25
24.59
24.94
25.28
25.63
25.97
26.32
26.67
27.02
27.38
27.73
28.08
28.44
28.80
29.16
29.52
29.88
30.24
30.61
30.97
31.34
31.70
32.07
32.44
32.81
33.18
33.55
33.93
34.30
34.67
35.05
35.43
35.80
36.18
36.56
36.94
37.32
37.70
38.09
38.47
38.85
39.24
39.62
40.01
40.40
40.78
41.17
41.56
41.95
42.34
42.73
43.12
43.51
43.90
44.29
44.69
45.08
45.47
45.87
46.26
46.65
47.05
47.44
47.84
48.24
48.63
49.03
49.42
49.82
50.22
50.61
51.01
51.41
51.80
52.20
52.60
53.00
53.39
53.79
54.19
54.58
54.98
55.38
55.78
56.17
56.57
56.97
57.36
57.76
58.15
58.55
58.94
59.34
59.73
60.13
60.52
60.92
61.31
61.70
62.09
62.49
62.88
63.27
63.66
64.05
64.44
64.83
65.21
65.60
65.99
66.37
66.76
67.14
67.53
67.91
68.29
68.67
69.05
69.43
69.81
70.19
70.56
70.94
71.31
71.68
72.06
72.43
72.80
73.17
73.53
73.90
74.26
74.63
74.99
75.35
75.71
76.07
76.43
76.78
77.14
77.49
77.84
78.19
78.54
78.88
79.23
79.57
79.91
80.25
80.59
80.92
81.26
81.59
81.92
82.25
82.58
82.90
83.22
83.54
83.86
84.18
84.49
84.80
85.11
85.42
85.72
86.03
86.33
86.63
86.92
87.21
87.51
87.79
88.08
88.36
88.64
88.92
89.20
89.47
89.74
90.01
90.27
90.53
90.79
91.05
91.30
91.55
91.79
92.04
92.28
92.52
92.75
92.98
93.21
93.44
93.66
93.87
94.09
94.30
94.51
94.71
94.92
95.11
95.31
95.50
95.69
95.87
96.05
96.23
96.40
96.57
96.73
96.89
97.05
97.21
97.36
97.50
97.64
97.78
97.92
98.05
98.17
98.29
98.41
98.52
98.63
98.74
98.84
98.94
99.03
99.12
99.20
99.28
99.36
99.43
99.50
99.56
99.62
99.67
99.72
99.76
99.80
99.84
99.87
99.90
99.92
99.94
99.95
99.96
99.96
99.96
99.95
99.94
99.93
99.91
99.88
99.86
99.82
99.78
99.74
99.69
99.64
99.58
99.52
99.45
99.38
99.31
99.23
99.14
99.05
98.96
98.86
98.75
98.64
98.53
98.41
98.29
98.16
98.02
97.89
97.74
97.60
97.45
97.29
97.13
96.96
96.79
96.62
96.44
96.26
96.07
95.88
95.68
95.48
95.27
95.06
94.84
94.62
94.40
94.17
93.94
93.70
93.46
93.21
92.96
92.71
92.45
92.19
91.92
91.65
91.38
91.10
90.82
90.53
90.24
89.94
89.64
89.34
89.03
88.72
88.41
88.09
87.77
87.45
87.12
86.78
86.45
86.11
85.77
85.42
85.07
84.72
84.36
84.00
83.64
83.27
82.90
82.53
82.16
81.78
81.40
81.01
80.63
80.24
79.84
79.45
79.05
78.65
78.25
77.84
77.43
77.02
76.61
76.19
75.77
75.35
74.93
74.51
74.08
73.65
73.22
72.78
72.35
71.91
71.47
71.03
70.59
70.15
69.70
69.25
68.80
68.35
67.90
67.45
66.99
66.54
66.08
65.62
65.16
64.70
64.24
63.77
63.31
62.85
62.38
61.91
61.44
60.98
60.51
60.04
59.57
59.10
58.62
58.15
57.68
57.21
56.73
56.26
55.78
55.31
54.84
54.36
53.89
53.41
52.94
52.46
51.99
51.52
51.04
50.57
50.09
49.62
49.15
48.68
48.20
47.73
47.26
46.79
46.32
45.85
45.39
44.92
44.45
43.98
43.52
43.06
42.59
42.13
41.67
41.21
40.75
40.29
39.83
39.38
38.92
38.47
38.02
37.57
37.12
36.67
36.23
35.78
35.34
34.90
34.46
34.02
33.58
33.15
32.71
32.28
31.85
31.43
31.00
30.58
30.15
29.73
29.32
28.90
28.49
28.07
27.66
27.26
26.85
26.45
26.05
25.65
25.25
24.86
24.47
24.08
23.69
23.31
22.92
22.54
22.17
21.79
21.42
21.05
20.69
20.32
19.96
19.60
19.25
18.89
18.54
18.19
17.85
17.51
17.17
16.83
16.50
16.17
15.84
15.52
15.19
14.88
14.56
14.25
13.94
13.63
13.33
13.03
12.73
12.44
12.15
11.86
11.57
11.29
11.01
10.74
10.47
10.20
9.93
9.67
9.41
9.16
8.91
8.66
8.41
8.17
7.93
7.70
7.47
7.24
7.01
6.79
6.58
6.36
6.15
5.94
5.74
5.54
5.34
5.15
4.96
4.77
4.59
4.41
4.23
4.06
3.89
3.73
3.57
3.41
3.25
3.10
2.96
2.81
2.67
2.54
2.40
2.27
2.15
2.03
1.91
1.79
1.68
1.57
1.47
1.37
1.27
1.18
1.09
1.00
0.92
0.84
0.77
0.69
0.63
0.56
0.50
0.44
0.39
0.34
0.29
0.25
0.21
0.17
0.14
0.11
0.09
0.07
0.05
0.03
0.02
0.01
0.01
0.01
0.01
0.02
0.03
0.04
0.06
0.08
0.10
0.13
0.16
0.19
0.23
0.27
0.32
0.36
0.41
0.47
0.53
0.59
0.65
0.72
0.79
0.86
0.94
1.02
1.10
1.19
1.28
1.38
1.47
1.57
1.68
1.78
1.89
2.00
2.12
2.24
2.36
2.49
2.61
2.74
2.88
3.02
3.16
3.30
3.45
3.60
3.75
3.90
4.06
4.22
4.39
4.55
4.72
4.90
5.07
5.25
5.43
5.61
5.80
5.99
6.18
6.38
6.57
6.78
6.98
7.18
7.39
7.60
7.82
8.03
8.25
8.47
8.70
8.92
9.15
9.38
9.62
9.85
10.09
10.33
10.58
10.82
11.07
11.32
11.58
11.83
12.09
12.35
12.61
12.88
13.15
13.42
13.69
13.96
14.24
14.52
14.80
15.08
15.36
15.65
15.94
16.23
16.52
16.82
17.12
17.41
17.72
18.02
18.32
18.63
18.94
19.25
19.56
19.88
20.19
20.51
20.83
21.15
21.48
21.80
22.13
22.46
22.79
23.12
23.46
23.79
24.13
24.47
24.81
25.15
25.49
25.84
26.19
26.54
26.89
27.24
27.59
27.94
28.30
28.66
29.02
29.38
29.74
30.10
30.46
30.83
31.20
31.57
31.93
32.31
32.68
33.05
33.42
33.80
34.18
34.55
34.93
35.31
35.69
36.08
36.46
36.84
37.23
37.62
38.00
38.39
38.78
39.17
39.56
39.95
40.35
40.74
41.14
41.53
41.93
42.32
42.72
43.12
43.52
43.92
44.32
44.72
45.12
45.52
45.93
46.33
46.74
47.14
47.55
47.95
48.36
48.76
49.17
49.58
49.99
50.39
50.80
51.21
51.62
52.03
52.44
52.85
53.26
53.67
54.08
54.49
54.90
55.31
55.72
56.14
56.55
56.96
57.37
57.78
58.19
58.60
59.01
59.42
59.83
60.24
60.65
61.06
61.47
61.88
62.29
62.70
63.10
63.51
63.92
64.32
64.73
65.14
65.54
65.94
66.35
66.75
67.15
67.55
67.95
68.35
68.75
69.15
69.55
69.95
70.34
70.74
71.13
71.52
71.91
72.30
72.69
73.08
73.47
73.85
74.24
74.62
75.00
75.38
75.76
76.14
76.51
76.89
77.26
77.63
78.00
78.37
78.73
79.10
79.46
79.82
80.18
80.54
80.89
81.25
81.60
81.95
82.29
82.64
82.98
83.32
83.66
83.99
84.33
84.66
84.99
85.31
85.64
85.96
86.28
86.59
86.91
87.22
87.53
87.83
88.13
88.43
88.73
89.02
89.31
89.60
89.89
90.17
90.45
90.72
90.99
91.26
91.53
91.79
92.05
92.30
92.55
92.80
93.05
93.29
93.52
93.76
93.99
94.21
94.44
94.66
94.87
95.08
95.29
95.49
95.69
95.88
96.08
96.26
96.44
96.62
96.80
96.97
97.13
97.29
97.45
97.60
97.75
97.89
98.03
98.17
98.30
98.42
98.54
98.66
98.77
98.88
98.98
99.08
99.17
99.26
99.34
99.42
99.49
99.56
99.62
99.68
99.74
99.79
99.83
99.87
99.90
99.93
99.95
99.97
99.99
100.00
100.00
100.00
99.99
99.98
99.96
99.94
99.91
99.88
99.84
99.80
99.75
99.70
99.64
99.58
99.51
99.44
99.36
99.28
99.19
99.09
98.99
98.89
98.78
98.67
98.55
98.42
98.29
98.16
98.02
97.88
97.73
97.57
97.41
97.25
97.08
96.90
96.73
96.54
96.35
96.16
95.96
95.76
95.55
95.34
95.12
94.90
94.67
94.44
94.21
93.97
93.72
93.47
93.22
92.96
92.70
92.44
92.16
91.89
91.61
91.33
91.04
90.75
90.45
90.15
89.85
89.54
89.23
88.92
88.60
88.28
87.95
87.62
87.29
86.95
86.61
86.27
85.92
85.57
85.21
84.86
84.50
84.13
83.76
83.39
83.02
82.65
82.27
81.88
81.50
81.11
80.72
80.33
79.93
79.53
79.13
78.73
78.32
77.92
77.51
77.09
76.68
76.26
75.84
75.42
75.00
74.57
74.14
73.72
73.28
72.85
72.42
71.98
71.54
71.10
70.66
70.22
69.78
69.33
68.88
68.44
67.99
67.54
67.08
66.63
66.18
65.72
65.27
64.81
64.35
63.89
63.44
62.98
62.52
62.05
61.59
61.13
60.67
60.21
59.74
59.28
58.81
58.35
57.89
57.42
56.96
56.49
56.03
55.56
55.10
54.63
54.17
53.70
53.24
52.77
52.31
51.84
51.38
50.92
50.46
49.99
49.53
49.07
48.61
48.15
47.69
47.23
46.78
46.32
45.86
45.41
44.96
44.50
44.05
43.60
43.15
42.70
42.25
41.80
41.36
40.91
40.47
40.03
39.59
39.15
38.71
38.27
37.83
37.40
36.97
36.54
36.11
35.68
35.25
34.83
34.40
33.98
33.56
33.14
32.73
32.31
31.90
31.49
31.08
30.67
30.26
29.86
29.46
29.06
28.66
28.27
27.87
27.48
27.09
26.70
26.32
25.93
25.55
25.17
24.80
24.42
24.05
23.68
23.31
22.95
22.59
22.23
21.87
21.51
21.16
20.81
20.46
20.11
19.77
19.43
19.09
18.76
18.42
18.09
17.76
17.44
17.11
16.79
16.48
16.16
15.85
15.54
15.23
14.93
14.63
14.33
14.04
13.74
13.45
13.17
12.88
12.60
12.32
12.05
11.77
11.50
11.24
10.97
10.71
10.45
10.20
9.94
9.70
9.45
9.21
8.97
8.73
8.49
8.26
8.04
7.81
7.59
7.37
7.15
6.94
6.73
6.53
6.32
6.12
5.92
5.73
5.54
5.35
5.17
4.99
4.81
4.63
4.46
4.29
4.13
3.97
3.81
3.65
3.50
3.35
3.21
3.06
2.92
2.79
2.65
2.52
2.40
2.27
2.15
2.04
1.92
1.81
1.71
1.60
1.50
1.41
1.31
1.22
1.14
1.05
0.97
0.89
0.82
0.75
0.68
0.62
0.56
0.50
0.44
0.39
0.34
0.30
0.26
0.22
0.19
0.15
0.13
0.10
0.08
0.06
0.05
0.03
0.02
0.02
0.02
0.02
0.02
0.03
0.04
0.05
0.07
0.09
0.12
0.14
0.17
0.21
0.24
0.28
0.32
0.37
0.42
0.47
0.53
0.58
0.65
0.71
0.78
0.85
0.92
1.00
1.08
1.16
1.25
1.34
1.43
1.53
1.63
1.73
1.83
1.94
2.05
2.17
2.28
2.40
2.52
2.65
2.78
2.91
3.05
3.18
3.32
3.47
3.61
3.76
3.91
4.07
4.23
4.39
4.55
4.72
4.89
5.06
5.23
5.41
5.59
5.77
5.96
6.15
6.34
6.53
6.73
6.93
7.13
7.34
7.54
7.75
7.97
8.18
8.40
8.62
8.84
9.07
9.30
9.53
9.76
10.00
10.24
10.48
10.72
10.97
11.21
11.46
11.72
11.97
12.23
12.49
12.76
13.02
13.29
13.56
13.83
14.10
14.38
14.66
14.94
15.23
15.51
15.80
16.09
16.38
16.68
16.98
17.28
17.58
17.88
18.19
18.49
18.80
19.12
19.43
19.75
20.06
20.38
20.71
21.03
21.36
21.68
22.01
22.35
22.68
23.02
23.35
23.69
24.03
24.38
24.72
25.07
25.42
25.77
26.12
26.47
26.83
27.19
27.55
27.91
28.27
28.63
29.00
29.37
29.73
30.10
30.48
30.85
31.23
31.60
31.98
32.36
32.74
33.12
33.51
33.89
34.28
34.67
35.05
35.45
35.84
36.23
36.62
37.02
37.42
37.81
38.21
38.61
39.02
39.42
39.82
40.23
40.63
41.04
41.45
41.86
42.27
42.68
43.09
43.50
43.92
44.33
44.75
45.16
45.58
46.00
46.41
46.83
47.25
47.67
48.10
48.52
48.94
49.36
49.79
50.21
50.63
51.06
51.49
51.91
52.34
52.76
53.19
53.62
54.05
54.47
54.90
55.33
55.76
56.19
56.62
57.04
57.47
57.90
58.33
58.76
59.19
59.62
60.05
60.47
60.90
61.33
61.76
62.18
62.61
63.04
63.46
63.89
64.32
64.74
65.16
65.59
66.01
66.43
66.85
67.28
67.70
68.12
68.53
68.95
69.37
69.78
70.20
70.61
71.03
71.44
71.85
72.26
72.66
73.07
73.48
73.88
74.28
74.68
75.08
75.48
75.88
76.27
76.67
77.06
77.45
77.84
78.22
78.61
78.99
79.37
79.75
80.13
80.50
80.87
81.24
81.61
81.97
82.34
82.70
83.06
83.41
83.77
84.12
84.46
84.81
85.15
85.49
85.83
86.16
86.50
86.82
87.15
87.47
87.79
88.11
88.42
88.73
89.04
89.34
89.64
89.94
90.23
90.52
90.80
91.09
91.36
91.64
91.91
92.18
92.44
92.70
92.96
93.21
93.46
93.70
93.94
94.18
94.41
94.63
94.86
95.08
95.29
95.50
95.70
95.91
96.10
96.29
96.48
96.66
96.84
97.02
97.19
97.35
97.51
97.66
97.81
97.96
98.10
98.23
98.36
98.49
98.61
98.72
98.83
98.94
99.04
99.13
99.22
99.31
99.39
99.46
99.53
99.59
99.65
99.70
99.75
99.80
99.83
99.86
99.89
99.91
99.93
99.94
99.94
99.94
99.94
99.93
99.91
99.89
99.86
99.83
99.79
99.75
99.70
99.65
99.59
99.53
99.46
99.38
99.30
99.21
99.12
99.03
98.93
98.82
98.71
98.59
98.47
98.34
98.21
98.07
97.93
97.78
97.63
97.47
97.31
97.14
96.97
96.79
96.61
96.42
96.23
96.03
95.83
95.62
95.41
95.19
94.97
94.75
94.52
94.28
94.04
93.80
93.55
93.30
93.04
92.78
92.52
92.25
91.98
91.70
91.42
91.13
90.84
90.55
90.25
89.95
89.65
89.34
89.03
88.71
88.39
88.07
87.74
87.41
87.08
86.74
86.40
86.06
85.71
85.36
85.01
84.66
84.30
83.94
83.57
83.20
82.83
82.46
82.09
81.71
81.33
80.94
80.56
80.17
79.78
79.38
78.99
78.59
78.19
77.79
77.39
76.98
76.57
76.16
75.75
75.34
74.92
74.50
74.08
73.66
73.24
72.82
72.39
71.97
71.54
71.11
70.68
70.25
69.81
69.38
68.94
68.51
68.07
67.63
67.19
66.75
66.31
65.87
65.42
64.98
64.54
64.09
63.65
63.20
62.75
62.31
61.86
61.41
60.96
60.52
60.07
59.62
59.17
58.72
58.27
57.82
57.37
56.92
56.47
56.02
55.57
55.12
54.68
54.23
53.78
53.33
52.88
52.44
51.99
51.54
51.10
50.65
50.21
49.76
49.32
48.87
48.43
47.99
47.55
47.11
46.67
46.23
45.79
45.36
44.92
44.48
44.05
43.62
43.18
42.75
42.32
41.89
41.47
41.04
40.61
40.19
39.77
39.34
38.92
38.50
38.09
37.67
37.25
36.84
36.43
36.02
35.61
35.20
34.79
34.39
33.98
33.58
33.18
32.78
32.39
31.99
31.60
31.20
30.81
30.43
30.04
29.65
29.27
28.89
28.51
28.13
27.76
27.38
27.01
26.64
26.27
25.91
25.54
25.18
24.82
24.46
24.11
23.75
23.40
23.05
22.71
22.36
22.02
21.68
21.34
21.00
20.67
20.33
20.01
19.68
19.35
19.03
18.71
18.39
18.08
17.76
17.45
17.14
16.84
16.53
16.23
15.93
15.63
15.34
15.05
14.76
14.47
14.19
13.91
13.63
13.35
13.08
12.81
12.54
12.27
12.01
11.75
11.49
11.23
10.98
10.73
10.48
10.24
10.00
9.76
9.52
9.29
9.06
8.83
8.60
8.38
8.16
7.94
7.73
7.51
7.31
7.10
6.90
6.70
6.50
6.30
6.11
5.92
5.74
5.55
5.37
5.20
5.02
4.85
4.68
4.52
4.36
4.20
4.04
3.89
3.73
3.59
3.44
3.30
3.16
3.03
2.89
2.76
2.64
2.51
2.39
2.28
2.16
2.05
1.94
1.84
1.73
1.64
1.54
1.45
1.36
1.27
1.19
1.11
1.03
0.95
0.88
0.81
0.75
0.69
0.63
0.57
0.52
0.47
0.42
0.38
0.34
0.30
0.27
0.24
0.21
0.19
0.17
0.15
0.13
0.12
0.11
0.11
0.10
0.10
0.11
0.11
0.12
0.14
0.15
0.17
0.20
0.22
0.25
0.28
0.32
0.35
0.40
0.44
0.49
0.54
0.59
0.65
0.71
0.77
0.84
0.91
0.98
1.05
1.13
1.21
1.30
1.39
1.48
1.57
1.67
1.77
1.87
1.98
2.09
2.20
2.31
2.43
2.55
2.68
2.81
2.94
3.07
3.20
3.34
3.49
3.63
3.78
3.93
4.09
4.24
4.40
4.56
4.73
4.90
5.07
5.25
5.42
5.60
5.79
5.97
6.16
6.35
6.55
6.75
6.95
7.15
7.36
7.56
7.78
7.99
8.21
8.43
8.65
8.88
9.10
9.33
9.57
9.80
10.04
10.29
10.53
10.78
11.03
11.28
11.53
11.79
12.05
12.31
12.58
12.85
13.12
13.39
13.67
13.94
14.23
14.51
14.79
15.08
15.37
15.67
15.96
16.26
16.56
16.86
17.17
17.47
17.78
18.10
18.41
18.73
19.05
19.37
19.69
20.02
20.35
20.68
21.01
21.34
21.68
22.02
22.36
22.70
23.05
23.40
23.75
24.10
24.45
24.81
25.17
25.52
25.89
26.25
26.62
26.98
27.35
27.73
28.10
28.47
28.85
29.23
29.61
29.99
30.38
30.76
31.15
31.54
31.93
32.32
32.72
33.11
33.51
33.91
34.31
34.71
35.12
35.52
35.93
36.34
36.75
37.16
37.57
37.99
38.40
38.82
39.23
39.65
40.07
40.50
40.92
41.34
41.77
42.19
42.62
43.05
43.48
43.91
44.34
44.77
45.20
45.64
46.07
46.51
46.95
47.38
47.82
48.26
48.70
49.14
49.58
50.02
50.46
50.91
51.35
51.79
52.24
52.68
53.13
53.57
54.02
54.46
54.91
55.35
55.80
56.25
56.69
57.14
57.59
58.03
58.48
58.93
59.37
59.82
60.27
60.71
61.16
61.60
62.05
62.49
62.94
63.38
63.82
64.26
64.71
65.15
65.59
66.03
66.47
66.91
67.34
67.78
68.22
68.65
69.08
69.52
69.95
70.38
70.81
71.24
71.66
72.09
72.51
72.93
73.35
73.77
74.19
74.61
75.02
75.43
75.85
76.25
76.66
77.07
77.47
77.87
78.27
78.67
79.06
79.46
79.85
80.23
80.62
81.00
81.38
81.76
82.14
82.51
82.88
83.25
83.61
83.98
84.34
84.69
85.04
85.39
85.74
86.09
86.43
86.76
87.10
87.43
87.76
88.08
88.40
88.72
89.03
89.34
89.65
89.95
90.25
90.55
90.84
91.13
91.41
91.69
91.96
92.23
92.50
92.76
93.02
93.28
93.53
93.77
94.02
94.25
94.48
94.71
94.94
95.16
95.37
95.58
95.79
95.99
96.18
96.37
96.56
96.74
96.92
97.09
97.25
97.41
97.57
97.72
97.87
98.01
98.15
98.28
98.40
98.53
98.64
98.75
98.86
98.96
99.05
99.14
99.23
99.31
99.38
99.45
99.51
99.57
99.62
99.67
99.71
99.75
99.78
99.80
99.82
99.84
99.85
99.85
99.85
99.84
99.83
99.82
99.79
99.76
99.73
99.69
99.65
99.60
99.55
99.49
99.42
99.35
99.27
99.19
99.11
99.02
98.92
98.82
98.71
98.60
98.49
98.36
98.24
98.11
97.97
97.83
97.68
97.53
97.37
97.21
97.05
96.88
96.70
96.52
96.34
96.15
95.95
95.76
95.55
95.35
95.13
94.92
94.70
94.47
94.24
94.01
93.77
93.53
93.29
93.04
92.78
92.53
92.26
92.00
91.73
91.46
91.18
90.90
90.61
90.33
90.04
89.74
89.44
89.14
88.84
88.53
88.21
87.90
87.58
87.26
86.94
86.61
86.28
85.94
85.61
85.27
84.93
84.58
84.23
83.88
83.53
83.17
82.82
82.46
82.09
81.73
81.36
80.99
80.62
80.24
79.87
79.49
79.11
78.73
78.34
77.95
77.57
77.18
76.78
76.39
75.99
75.60
75.20
74.80
74.40
73.99
73.59
73.18
72.77
72.37
71.96
71.54
71.13
70.72
70.30
69.89
69.47
69.05
68.63
68.22
67.79
67.37
66.95
66.53
66.11
65.68
65.26
64.83
64.41
63.98
63.55
63.12
62.70
62.27
61.84
61.41
60.98
60.55
60.12
59.69
59.26
58.83
58.40
57.97
57.54
57.11
56.68
56.25
55.82
55.39
54.96
54.54
54.11
53.68
53.25
52.82
52.39
51.97
51.54
51.11
50.69
50.26
49.84
49.41
48.99
48.56
48.14
47.72
47.30
46.88
46.46
46.04
45.62
45.20
44.78
44.37
43.95
43.54
43.12
42.71
42.30
41.89
41.48
41.07
40.66
40.26
39.85
39.45
39.04
38.64
38.24
37.84
37.44
37.04
36.65
36.25
35.86
35.47
35.08
34.69
34.30
33.91
33.53
33.14
32.76
32.38
32.00
31.62
31.24
30.87
30.50
30.12
29.75
29.38
29.02
28.65
28.29
27.93
27.57
27.21
26.85
26.49
26.14
25.79
25.44
25.09
24.74
24.40
24.06
23.72
23.38
23.04
22.70
22.37
22.04
21.71
21.38
21.06
20.73
20.41
20.09
19.78
19.46
19.15
18.84
18.53
18.22
17.91
17.61
17.31
17.01
16.72
16.42
16.13
15.84
15.55
15.27
14.99
14.71
14.43
14.15
13.88
13.61
13.34
13.07
12.81
12.55
12.29
12.03
11.78
11.52
11.28
11.03
10.78
10.54
10.30
10.06
9.83
9.60
9.37
9.14
8.92
8.70
8.48
8.26
8.05
7.83
7.63
7.42
7.22
7.02
6.82
6.62
6.43
6.24
6.05
5.87
5.69
5.51
5.33
5.16
4.99
4.82
4.66
4.49
4.34
4.18
4.03
3.88
3.73
3.58
3.44
3.30
3.17
3.03
2.90
2.78
2.65
2.53
2.41
2.30
2.18
2.07
1.97
1.86
1.76
1.67
1.57
1.48
1.39
1.31
1.22
1.15
1.07
1.00
0.93
0.86
0.80
0.74
0.68
0.62
0.57
0.52
0.48
0.44
0.40
0.36
0.33
0.30
0.28
0.25
0.23
0.22
0.20
0.19
0.19
0.18
0.18
0.18
0.19
0.20
0.21
0.23
0.25
0.27
0.29
0.32
0.35
0.39
0.42
0.47
0.51
0.56
0.61
0.66
0.72
0.78
0.85
0.91
0.98
1.06
1.13
1.21
1.30
1.38
1.47
1.57
1.66
1.76
1.86
1.97
2.08
2.19
2.31
2.43
2.55
2.67
2.80
2.93
3.07
3.21
3.35
3.49
3.64
3.79
3.95
4.10
4.26
4.43
4.59
4.76
4.94
5.11
5.29
5.47
5.66
5.85
6.04
6.23
6.43
6.63
6.84
7.04
7.25
7.47
7.68
7.90
8.13
8.35
8.58
8.81
9.04
9.28
9.52
9.77
10.01
10.26
10.51
10.77
11.03
11.29
11.55
11.82
12.09
12.36
12.63
12.91
13.19
13.48
13.76
14.05
14.34
14.64
14.94
15.24
15.54
15.85
16.15
16.46
16.78
17.09
17.41
17.73
18.06
18.38
18.71
19.05
19.38
19.72
20.06
20.40
20.74
21.09
21.44
21.79
22.14
22.50
22.86
23.22
23.58
23.95
24.31
24.68
25.06
25.43
25.81
26.18
26.57
26.95
27.33
27.72
28.11
28.50
28.89
29.29
29.69
30.08
30.49
30.89
31.29
31.70
32.11
32.52
32.93
33.34
33.76
34.18
34.60
35.02
35.44
35.86
36.29
36.71
37.14
37.57
38.00
38.43
38.87
39.30
39.74
40.18
40.62
41.06
41.50
41.94
42.39
42.83
43.28
43.72
44.17
44.62
45.07
45.52
45.97
46.43
46.88
47.33
47.79
48.25
48.70
49.16
49.62
50.07
50.53
50.99
51.45
51.91
52.37
52.83
53.29
53.75
54.22
54.68
55.14
55.60
56.06
56.52
56.99
57.45
57.91
58.37
58.83
59.29
59.75
60.22
60.68
61.13
61.59
62.05
62.51
62.97
63.42
63.88
64.34
64.79
65.24
65.70
66.15
66.60
67.05
67.50
67.95
68.39
68.84
69.28
69.73
70.17
70.61
71.05
71.48
71.92
72.35
72.79
73.22
73.64
74.07
74.50
74.92
75.34
75.76
76.18
76.59
77.01
77.42
77.83
78.23
78.64
79.04
79.44
79.83
80.23
80.62
81.01
81.39
81.78
82.16
82.53
82.91
83.28
83.65
84.01
84.38
84.73
85.09
85.44
85.79
86.14
86.48
86.82
87.16
87.49
87.82
88.14
88.46
88.78
89.10
89.41
89.71
90.01
90.31
90.61
90.90
91.18
91.47
91.74
92.02
92.29
92.55
92.81
93.07
93.32
93.57
93.81
94.05
94.29
94.52
94.74
94.97
95.18
95.39
95.60
95.80
96.00
96.19
96.38
96.56
96.74
96.92
97.08
97.25
97.41
97.56
97.71
97.85
97.99
98.13
98.25
98.38
98.50
98.61
98.72
98.82
98.92
99.01
99.10
99.18
99.26
99.33
99.40
99.46
99.52
99.57
99.62
99.66
99.70
99.73
99.76
99.78
99.79
99.80
99.81
99.81
99.81
99.80
99.78
99.76
99.74
99.71
99.67
99.63
99.59
99.54
99.48
99.42
99.36
99.29
99.21
99.13
99.05
98.96
98.87
98.77
98.66
98.56
98.44
98.33
98.20
98.08
97.94
97.81
97.67
97.52
97.37
97.22
97.06
96.90
96.73
96.56
96.38
96.20
96.02
95.83
95.64
95.44
95.24
95.04
94.83
94.62
94.40
94.18
93.95
93.73
93.49
93.26
93.02
92.78
92.53
92.28
92.03
91.77
91.51
91.24
90.98
90.71
90.43
90.16
89.87
89.59
89.30
89.02
88.72
88.43
88.13
87.83
87.52
87.22
86.91
86.59
86.28
85.96
85.64
85.31
84.99
84.66
84.33
84.00
83.66
83.32
82.98
82.64
82.30
81.95
81.60
81.25
80.90
80.54
80.18
79.83
79.47
79.10
78.74
78.37
78.00
77.63
77.26
76.89
76.52
76.14
75.76
75.38
75.00
74.62
74.24
73.85
73.47
73.08
72.69
72.30
71.91
71.52
71.13
70.73
70.34
69.94
69.55
69.15
68.75
68.35
67.95
67.55
67.15
66.74
66.34
65.94
65.53
65.13
64.72
64.31
63.91
63.50
63.09
62.68
62.28
61.87
61.46
61.05
60.64
60.23
59.82
59.41
59.00
58.59
58.18
57.76
57.35
56.94
56.53
56.12
55.71
55.30
54.89
54.48
54.06
53.65
53.24
52.83
52.42
52.01
51.60
51.19
50.79
50.38
49.97
49.56
49.15
48.75
48.34
47.93
47.53
47.12
46.72
46.31
45.91
45.51
45.11
44.70
44.30
43.90
43.50
43.11
42.71
42.31
41.91
41.52
41.12
40.73
40.34
39.94
39.55
39.16
38.77
38.38
38.00
37.61
37.22
36.84
36.46
36.07
35.69
35.31
34.93
34.55
34.18
33.80
33.43
33.05
32.68
32.31
31.94
31.57
31.21
30.84
30.48
30.11
29.75
29.39
29.03
28.67
28.32
27.96
27.61
27.26
26.91
26.56
26.21
25.87
25.52
25.18
24.84
24.50
24.16
23.83
23.49
23.16
22.83
22.50
22.17
21.85
21.52
21.20
20.88
20.56
20.25
19.93
19.62
19.31
19.00
18.69
18.39
18.08
17.78
17.48
17.18
16.89
16.59
16.30
16.01
15.73
15.44
15.16
14.88
14.60
14.32
14.05
13.78
13.51
13.24
12.97
12.71
12.45
12.19
11.93
11.68
11.43
11.18
10.93
10.69
10.45
10.21
9.97
9.73
9.50
9.27
9.04
8.82
8.60
8.38
8.16
7.95
7.73
7.52
7.32
7.11
6.91
6.71
6.52
6.32
6.13
5.94
5.76
5.58
5.40
5.22
5.05
4.87
4.71
4.54
4.38
4.22
4.06
3.91
3.75
3.61
3.46
3.32
3.18
3.04
2.91
2.78
2.65
2.53
2.41
2.29
2.17
2.06
1.95
1.85
1.74
1.64
1.55
1.45
1.36
1.28
1.19
1.11
1.04
0.96
0.89
0.82
0.76
0.70
0.64
0.59
0.54
0.49
0.44
0.40
0.37
0.33
0.30
0.27
0.25
0.23
0.21
0.20
0.19
0.18
0.17
0.17
0.18
0.18
0.19
0.21
0.23
0.25
0.27
0.30
0.33
0.36
0.40
0.44
0.49
0.54
0.59
0.64
0.70
0.76
0.83
0.90
0.97
1.05
1.13
1.21
1.30
1.39
1.49
1.59
1.69
1.79
1.90
2.01
2.13
2.25
2.37
2.50
2.63
2.76
2.90
3.04
3.18
3.33
3.48
3.64
3.79
3.95
4.12
4.29
4.46
4.64
4.82
5.00
5.18
5.37
5.57
5.76
5.96
6.17
6.37
6.58
6.80
7.01
7.24
7.46
7.69
7.92
8.15
8.39
8.63
8.87
9.12
9.37
9.62
9.88
10.14
10.41
10.67
10.94
11.22
11.49
11.77
12.05
12.34
12.63
12.92
13.22
13.52
13.82
14.12
14.43
14.74
15.05
15.37
15.69
16.01
16.34
16.67
17.00
17.33
17.67
18.01
18.35
18.70
19.04
19.39
19.75
20.10
20.46
20.82
21.19
21.55
21.92
22.30
22.67
23.05
23.43
23.81
24.19
24.58
24.97
25.36
25.75
26.15
26.55
26.95
27.35
27.76
28.16
28.57
28.98
29.40
29.81
30.23
30.65
31.07
31.49
31.92
32.34
32.77
33.20
33.64
34.07
34.50
34.94
35.38
35.82
36.26
36.71
37.15
37.60
38.05
38.50
38.95
39.40
39.85
40.31
40.76
41.22
41.68
42.13
42.59
43.06
43.52
43.98
44.44
44.91
45.37
45.84
46.31
46.77
47.24
47.71
48.18
48.65
49.12
49.59
50.06
50.53
51.01
51.48
51.95
52.42
52.90
53.37
53.84
54.31
54.79
55.26
55.73
56.20
56.68
57.15
57.62
58.09
58.56
59.03
59.50
59.97
60.44
60.91
61.38
61.84
62.31
62.77
63.24
63.70
64.16
64.62
65.08
65.54
66.00
66.46
66.91
67.37
67.82
68.27
68.72
69.17
69.62
70.06
70.51
70.95
71.39
71.83
72.27
72.70
73.13
73.56
73.99
74.42
74.84
75.27
75.69
76.11
76.52
76.94
77.35
77.75
78.16
78.56
78.97
79.36
79.76
80.15
80.54
80.93
81.31
81.70
82.07
82.45
82.82
83.19
83.56
83.92
84.28
84.64
84.99
85.34
85.69
86.03
86.37
86.71
87.04
87.37
87.69
88.02
88.33
88.65
88.96
89.27
89.57
89.87
90.16
90.46
90.74
91.03
91.31
91.58
91.85
92.12
92.38
92.64
92.90
93.15
93.39
93.63
93.87
94.10
94.33
94.56
94.78
94.99
95.20
95.41
95.61
95.81
96.00
96.19
96.37
96.55
96.73
96.90
97.06
97.22
97.38
97.53
97.68
97.82
97.95
98.09
98.21
98.34
98.46
98.57
98.68
98.78
98.88
98.97
99.06
99.15
99.23
99.30
99.37
99.44
99.50
99.56
99.61
99.66
99.70
99.73
99.77
99.79
99.82
99.84
99.85
99.86
99.86
99.86
99.86
99.85
99.83
99.81
99.79
99.76
99.73
99.69
99.65
99.60
99.55
99.49
99.43
99.37
99.30
99.23
99.15
99.07
98.98
98.89
98.80
98.70
98.59
98.48
98.37
98.26
98.14
98.01
97.88
97.75
97.61
97.47
97.33
97.18
97.03
96.87
96.71
96.55
96.38
96.21
96.03
95.85
95.67
95.48
95.29
95.10
94.90
94.70
94.49
94.29
94.07
93.86
93.64
93.42
93.19
92.97
92.74
92.50
92.26
92.02
91.78
91.53
91.28
91.03
90.77
90.51
90.25
89.99
89.72
89.45
89.18
88.90
88.62
88.34
88.06
87.77
87.48
87.19
86.89
86.60
86.30
86.00
85.69
85.39
85.08
84.77
84.46
84.14
83.82
83.50
83.18
82.86
82.53
82.21
81.88
81.55
81.21
80.88
80.54
80.20
79.86
79.52
79.17
78.83
78.48
78.13
77.78
77.43
77.07
76.72
76.36
76.00
75.64
75.28
74.92
74.56
74.19
73.83
73.46
73.09
72.72
72.35
71.98
71.60
71.23
70.85
70.48
70.10
69.72
69.34
68.96
68.58
68.20
67.81
67.43
67.04
66.66
66.27
65.88
65.50
65.11
64.72
64.33
63.94
63.55
63.16
62.77
62.37
61.98
61.59
61.19
60.80
60.41
60.01
59.62
59.22
58.82
58.43
58.03
57.63
57.24
56.84
56.44
56.05
55.65
55.25
54.85
54.46
54.06
53.66
53.26
52.86
52.47
52.07
51.67
51.27
50.88
50.48
50.08
49.68
49.29
48.89
48.49
48.10
47.70
47.31
46.91
46.52
46.12
45.73
45.33
44.94
44.55
44.16
43.76
43.37
42.98
42.59
42.20
41.81
41.42
41.03
40.65
40.26
39.87
39.49
39.10
38.72
38.34
37.95
37.57
37.19
36.81
36.43
36.05
35.67
35.30
34.92
34.55
34.17
33.80
33.43
33.05
32.68
32.31
31.95
31.58
31.21
30.85
30.48
30.12
29.76
29.40
29.04
28.68
28.33
27.97
27.62
27.26
26.91
26.56
26.21
25.87
25.52
25.18
24.83
24.49
24.15
23.81
23.47
23.14
22.80
22.47
22.14
21.81
21.48
21.16
20.83
20.51
20.19
19.87
19.55
19.24
18.92
18.61
18.30
17.99
17.69
17.38
17.08
16.78
16.48
16.18
15.89
15.59
15.30
15.01
14.73
14.44
14.16
13.88
13.60
13.33
13.05
12.78
12.51
12.24
11.98
11.72
11.46
11.20
10.95
10.69
10.44
10.19
9.95
9.71
9.47
9.23
8.99
8.76
8.53
8.30
8.08
7.85
7.63
7.42
7.20
6.99
6.78
6.58
6.38
6.18
5.98
5.78
5.59
5.40
5.22
5.04
4.86
4.68
4.51
4.33
4.17
4.00
3.84
3.68
3.53
3.38
3.23
3.08
2.94
2.80
2.66
2.53
2.40
2.28
2.15
2.03
1.92
1.81
1.70
1.59
1.49
1.39
1.29
1.20
1.11
1.03
0.95
0.87
0.80
0.73
0.66
0.60
0.54
0.48
0.43
0.38
0.33
0.29
0.26
0.22
0.19
0.17
0.14
0.12
0.11
0.10
0.09
0.09
0.09
0.09
0.10
0.11
0.13
0.15
0.17
0.20
0.23
0.27
0.31
0.35
0.40
0.45
0.50
0.56
0.62
0.69
0.76
0.84
0.91
1.00
1.08
1.18
1.27
1.37
1.47
1.58
1.69
1.80
1.92
2.04
2.17
2.30
2.44
2.57
2.72
2.86
3.01
3.17
3.33
3.49
3.66
3.83
4.00
4.18
4.36
4.55
4.74
4.93
5.13
5.33
5.53
5.74
5.96
6.17
6.39
6.62
6.85
7.08
7.31
7.55
7.80
8.04
8.29
8.55
8.81
9.07
9.33
9.60
9.87
10.15
10.43
10.71
11.00
11.29
11.58
11.88
12.18
12.49
12.79
13.10
13.42
13.73
14.06
14.38
14.71
15.04
15.37
15.71
16.05
16.39
16.74
17.09
17.44
17.79
18.15
18.51
18.88
19.24
19.61
19.99
20.36
20.74
21.12
21.51
21.89
22.28
22.67
23.07
23.46
23.86
24.26
24.67
25.07
25.48
25.89
26.31
26.72
27.14
27.56
27.99
28.41
28.84
29.26
29.70
30.13
30.56
31.00
31.44
31.88
32.32
32.76
33.21
33.65
34.10
34.55
35.01
35.46
35.91
36.37
36.83
37.28
37.74
38.21
38.67
39.13
39.60
40.06
40.53
41.00
41.47
41.93
42.41
42.88
43.35
43.82
44.29
44.77
45.24
45.72
46.19
46.67
47.15
47.62
48.10
48.58
49.06
49.53
50.01
50.49
50.97
51.45
51.92
52.40
52.88
53.36
53.84
54.31
54.79
55.27
55.74
56.22
56.69
57.17
57.64
58.12
58.59
59.06
59.53
60.00
60.47
60.94
61.41
61.88
62.34
62.81
63.27
63.73
64.19
64.65
65.11
65.57
66.02
66.48
66.93
67.38
67.83
68.28
68.73
69.17
69.61
70.05
70.49
70.93
71.37
71.80
72.23
72.66
73.09
73.51
73.94
74.36
74.77
75.19
75.60
76.02
76.43
76.83
77.24
77.64
78.04
78.43
78.83
79.22
79.60
79.99
80.37
80.75
81.13
81.50
81.87
82.24
82.61
82.97
83.33
83.68
84.03
84.38
84.73
85.07
85.41
85.75
86.08
86.41
86.74
87.06
87.38
87.69
88.00
88.31
88.62
88.92
89.22
89.51
89.80
90.09
90.37
90.65
90.92
91.19
91.46
91.72
91.98
92.24
92.49
92.74
92.98
93.22
93.46
93.69
93.92
94.14
94.36
94.58
94.79
95.00
95.20
95.40
95.59
95.78
95.97
96.15
96.33
96.50
96.67
96.84
97.00
97.16
97.31
97.46
97.60
97.74
97.88
98.01
98.14
98.26
98.38
98.49
98.60
98.71
98.81
98.91
99.00
99.09
99.17
99.25
99.33
99.40
99.46
99.53
99.59
99.64
99.69
99.73
99.78
99.81
99.85
99.87
99.90
99.92
99.93
99.95
99.95
99.96
99.96
99.95
99.94
99.93
99.91
99.89
99.87
99.84
99.80
99.76
99.72
99.68
99.63
99.57
99.52
99.45
99.39
99.32
99.25
99.17
99.09
99.00
98.91
98.82
98.73
98.63
98.52
98.42
98.30
98.19
98.07
97.95
97.82
97.69
97.56
97.42
97.28
97.14
96.99
96.84
96.69
96.53
96.37
96.21
96.04
95.87
95.70
95.52
95.34
95.16
94.97
94.78
94.59
94.39
94.19
93.99
93.79
93.58
93.37
93.15
92.94
92.72
92.49
92.27
92.04
91.81
91.57
91.34
91.10
90.86
90.61
90.36
90.11
89.86
89.61
89.35
89.09
88.83
88.56
88.29
88.02
87.75
87.48
87.20
86.92
86.64
86.35
86.07
85.78
85.49
85.20
84.90
84.61
84.31
84.01
83.70
83.40
83.09
82.78
82.47
82.16
81.84
81.53
81.21
80.89
80.57
80.24
79.92
79.59
79.26
78.93
78.60
78.27
77.93
77.59
77.26
76.92
76.57
76.23
75.89
75.54
75.19
74.85
74.50
74.14
73.79
73.44
73.08
72.73
72.37
72.01
71.65
71.29
70.93
70.56
70.20
69.83
69.47
69.10
68.73
68.36
67.99
67.62
67.25
66.87
66.50
66.12
65.75
65.37
64.99
64.61
64.24
63.86
63.47
63.09
62.71
62.33
61.94
61.56
61.18
60.79
60.40
60.02
59.63
59.24
58.86
58.47
58.08
57.69
57.30
56.91
56.52
56.13
55.74
55.35
54.95
54.56
54.17
53.78
53.38
52.99
52.60
52.20
51.81
51.42
51.02
50.63
50.23
49.84
49.45
49.05
48.66
48.26
47.87
47.48
47.08
46.69
46.29
45.90
45.51
45.11
44.72
44.33
43.94
43.54
43.15
42.76
42.37
41.98
41.59
41.20
40.81
40.42
40.03
39.64
39.25
38.86
38.48
38.09
37.70
37.32
36.93
36.55
36.16
35.78
35.40
35.02
34.64
34.26
33.88
33.50
33.12
32.74
32.37
31.99
31.62
31.24
30.87
30.50
30.13
29.76
29.39
29.02
28.65
28.29
27.93
27.56
27.20
26.84
26.48
26.12
25.76
25.41
25.05
24.70
24.35
24.00
23.65
23.30
22.96
22.61
22.27
21.93
21.59
21.25
20.91
20.58
20.24
19.91
19.58
19.25
18.93
18.60
18.28
17.96
17.64
17.32
17.01
16.69
16.38
16.07
15.77
15.46
15.16
14.86
14.56
14.26
13.97
13.68
13.39
13.10
12.81
12.53
12.25
11.97
11.70
11.42
11.15
10.88
10.62
10.36
10.09
9.84
9.58
9.33
9.08
8.83
8.59
8.35
8.11
7.87
7.64
7.41
7.18
6.96
6.74
6.52
6.31
6.10
5.89
5.68
5.48
5.28
5.09
4.89
4.70
4.52
4.34
4.16
3.98
3.81
3.64
3.48
3.31
3.16
3.00
2.85
2.70
2.56
2.42
2.28
2.15
2.02
1.90
1.78
1.66
1.55
1.44
1.33
1.23
1.13
1.04
0.95
0.86
0.78
0.70
0.63
0.56
0.49
0.43
0.37
0.32
0.27
0.22
0.18
0.15
0.11
0.09
0.06
0.04
0.03
0.02
0.01
0.01
0.01
0.02
0.03
0.04
0.06
0.09
0.12
0.15
0.19
0.23
0.27
0.32
0.38
0.44
0.50
0.57
0.65
0.72
0.80
0.89
0.98
1.08
1.18
1.28
1.39
1.50
1.62
1.74
1.87
2.00
2.14
2.28
2.42
2.57
2.73
2.88
3.05
3.21
3.38
3.56
3.74
3.92
4.11
4.30
4.50
4.70
4.91
5.12
5.33
5.55
5.77
6.00
6.23
6.47
6.71
6.95
7.20
7.45
7.71
7.97
8.23
8.50
8.77
9.05
9.33
9.61
9.90
10.19
10.48
10.78
11.08
11.39
11.70
12.01
12.33
12.65
12.98
13.30
13.64
13.97
14.31
14.65
15.00
15.34
15.70
16.05
16.41
16.77
17.13
17.50
17.87
18.25
18.62
19.00
19.38
19.77
20.16
20.55
20.94
21.34
21.74
22.14
22.54
22.95
23.36
23.77
24.18
24.60
25.02
25.44
25.86
26.29
26.72
27.15
27.58
28.01
28.45
28.89
29.32
29.77
30.21
30.65
31.10
31.55
32.00
32.45
32.90
33.36
33.81
34.27
34.73
35.19
35.65
36.11
36.58
37.04
37.51
37.97
38.44
38.91
39.38
39.85
40.32
40.79
41.26
41.74
42.21
42.68
43.16
43.63
44.11
44.59
45.06
45.54
46.01
46.49
46.97
47.45
47.92
48.40
48.88
49.35
49.83
50.31
50.78
51.26
51.73
52.21
52.69
53.16
53.63
54.11
54.58
55.05
55.52
56.00
56.47
56.94
57.40
57.87
58.34
58.80
59.27
59.73
60.20
60.66
61.12
61.58
62.04
62.49
62.95
63.40
63.85
64.31
64.76
65.20
65.65
66.09
66.54
66.98
67.42
67.86
68.29
68.73
69.16
69.59
70.02
70.45
70.87
71.30
71.72
72.14
72.55
72.97
73.38
73.79
74.20
74.60
75.01
75.41
75.81
76.20
76.60
76.99
77.38
77.76
78.14
78.53
78.90
79.28
79.65
80.02
80.39
80.75
81.11
81.47
81.83
82.18
82.53
82.88
83.22
83.56
83.90
84.24
84.57
84.90
85.23
85.55
85.87
86.18
86.50
86.81
87.11
87.42
87.72
88.01
88.31
88.60
88.88
89.17
89.45
89.73
90.00
90.27
90.53
90.80
91.06
91.31
91.56
91.81
92.06
92.30
92.54
92.77
93.00
93.23
93.45
93.67
93.89
94.10
94.31
94.52
94.72
94.92
95.11
95.30
95.49
95.67
95.85
96.03
96.20
96.36
96.53
96.69
96.85
97.00
97.15
97.29
97.43
97.57
97.71
97.84
97.96
98.08
98.20
98.32
98.43
98.54
98.64
98.74
98.83
98.93
99.01
99.10
99.18
99.26
99.33
99.40
99.46
99.53
99.58
99.64
99.69
99.73
99.78
99.82
99.85
99.88
99.91
99.93
99.95
99.97
99.98
99.99
100.00
100.00
100.00
99.99
99.98
99.97
99.95
99.93
99.91
99.88
99.85
99.82
99.78
99.74
99.69
99.64
99.59
99.54
99.48
99.41
99.35
99.28
99.21
99.13
99.05
98.97
98.88
98.79
98.70
98.60
98.50
98.40
98.29
98.18
98.07
97.95
97.83
97.71
97.58
97.45
97.32
97.19
97.05
96.91
96.76
96.61
96.46
96.31
96.15
95.99
95.83
95.66
95.50
95.32
95.15
94.97
94.79
94.61
94.42
94.23
94.04
93.85
93.65
93.45
93.25
93.04
92.83
92.62
92.41
92.19
91.97
91.75
91.53
91.30
91.07
90.84
90.61
90.37
90.13
89.89
89.65
89.40
89.15
88.90
88.65
88.39
88.14
87.88
87.61
87.35
87.08
86.81
86.54
86.27
85.99
85.72
85.44
85.15
84.87
84.58
84.30
84.01
83.71
83.42
83.12
82.82
82.52
82.22
81.92
81.61
81.31
81.00
80.69
80.37
80.06
79.74
79.42
79.10
78.78
78.46
78.13
77.81
77.48
77.15
76.82
76.48
76.15
75.81
75.48
75.14
74.80
74.45
74.11
73.76
73.42
73.07
72.72
72.37
72.02
71.67
71.31
70.95
70.60
70.24
69.88
69.52
69.16
68.79
68.43
68.06
67.70
67.33
66.96
66.59
66.22
65.85
65.47
65.10
64.72
64.35
63.97
63.59
63.22
62.84
62.45
62.07
61.69
61.31
60.92
60.54
60.15
59.77
59.38
58.99
58.60
58.21
57.82
57.43
57.04
56.65
56.26
55.87
55.47
55.08
54.68
54.29
53.89
53.50
53.10
52.70
52.31
51.91
51.51
51.11
50.71
50.32
49.92
49.52
49.12
48.72
48.32
47.92
47.52
47.12
46.71
46.31
45.91
45.51
45.11
44.71
44.31
43.91
43.51
43.11
42.71
42.30
41.90
41.50
41.10
40.70
40.30
39.90
39.50
39.11
38.71
38.31
37.91
37.51
37.12
36.72
36.32
35.93
35.53
35.14
34.74
34.35
33.96
33.57
33.17
32.78
32.39
32.00
31.61
31.23
30.84
30.45
30.07
29.68
29.30
28.92
28.54
28.16
27.78
27.40
27.02
26.65
26.27
25.90
25.53
25.16
24.79
24.42
24.05
23.69
23.32
22.96
22.60
22.24
21.88
21.53
21.17
20.82
20.47
20.12
19.77
19.42
19.08
18.74
18.40
18.06
17.72
17.39
17.05
16.72
16.40
16.07
15.75
15.42
15.10
14.79
14.47
14.16
13.85
13.54
13.24
12.94
12.64
12.34
12.04
11.75
11.46
11.18
10.89
10.61
10.33
10.06
9.78
9.51
9.25
8.98
8.72
8.47
8.21
7.96
7.71
7.47
7.23
6.99
6.76
6.53
6.30
6.07
5.85
5.64
5.42
5.21
5.01
4.80
4.61
4.41
4.22
4.03
3.85
3.67
3.49
3.32
3.15
2.99
2.83
2.68
2.52
2.38
2.23
2.10
1.96
1.83
1.70
1.58
1.47
1.35
1.24
1.14
1.04
0.95
0.86
0.77
0.69
0.61
0.54
0.47
0.41
0.35
0.30
0.25
0.20
0.16
0.13
0.10
0.07
0.05
0.04
0.03
0.02
0.02
0.02
0.03
0.05
0.07
0.09
0.12
0.15
0.19
0.23
0.28
0.33
0.39
0.46
0.52
0.60
0.68
0.76
0.85
0.94
1.04
1.14
1.25
1.36
1.48
1.60
1.73
1.86
2.00
2.14
2.28
2.44
2.59
2.75
2.92
3.09
3.27
3.45
3.63
3.82
4.02
4.21
4.42
4.63
4.84
5.06
5.28
5.50
5.74
5.97
6.21
6.46
6.70
6.96
7.21
7.48
7.74
8.01
8.29
8.56
8.85
9.13
9.42
9.72
10.02
10.32
10.63
10.94
11.25
11.57
11.89
12.22
12.54
12.88
13.21
13.55
13.90
14.24
14.59
14.95
15.30
15.66
16.03
16.39
16.76
17.13
17.51
17.89
18.27
18.65
19.04
19.43
19.82
20.22
20.62
21.02
21.42
21.83
22.23
22.64
23.06
23.47
23.89
24.31
24.73
25.16
25.58
26.01
26.44
26.87
27.31
27.74
28.18
28.62
29.06
29.50
29.95
30.39
30.84
31.29
31.74
32.19
32.64
33.09
33.55
34.00
34.46
34.92
35.38
35.84
36.30
36.76
37.22
37.69
38.15
38.61
39.08
39.54
40.01
40.48
40.94
41.41
41.88
42.35
42.82
43.29
43.75
44.22
44.69
45.16
45.63
46.10
46.57
47.04
47.50
47.97
48.44
48.91
49.38
49.84
50.31
50.77
51.24
51.71
52.17
52.63
53.10
53.56
54.02
54.48
54.94
55.40
55.86
56.32
56.77
57.23
57.68
58.13
58.59
59.04
59.49
59.94
60.38
60.83
61.27
61.72
62.16
62.60
63.04
63.48
63.91
64.35
64.78
65.21
65.64
66.07
66.49
66.92
67.34
67.76
68.18
68.60
69.01
69.43
69.84
70.25
70.66
71.06
71.47
71.87
72.27
72.67
73.06
73.45
73.84
74.23
74.62
75.00
75.39
75.77
76.14
76.52
76.89
77.26
77.63
77.99
78.36
78.72
79.07
79.43
79.78
80.13
80.48
80.82
81.17
81.51
81.84
82.18
82.51
82.84
83.16
83.49
83.81
84.13
84.44
84.75
85.06
85.37
85.67
85.97
86.27
86.56
86.86
87.15
87.43
87.71
87.99
88.27
88.55
88.82
89.08
89.35
89.61
89.87
90.12
90.38
90.63
90.87
91.11
91.35
91.59
91.82
92.06
92.28
92.51
92.73
92.94
93.16
93.37
93.58
93.78
93.98
94.18
94.38
94.57
94.76
94.94
95.12
95.30
95.47
95.65
95.81
95.98
96.14
96.30
96.45
96.61
96.75
96.90
97.04
97.18
97.31
97.44
97.57
97.70
97.82
97.94
98.05
98.16
98.27
98.37
98.47
98.57
98.67
98.76
98.85
98.93
99.01
99.09
99.16
99.23
99.30
99.36
99.42
99.48
99.53
99.58
99.63
99.68
99.72
99.75
99.79
99.82
99.84
99.87
99.89
99.90
99.92
99.93
99.94
99.94
99.94
99.94
99.93
99.92
99.91
99.89
99.87
99.85
99.83
99.80
99.76
99.73
99.69
99.65
99.60
99.56
99.50
99.45
99.39
99.33
99.27
99.20
99.13
99.06
98.98
98.90
98.82
98.73
98.64
98.55
98.45
98.36
98.26
98.15
98.04
97.93
97.82
97.70
97.59
97.46
97.34
97.21
97.08
96.95
96.81
96.67
96.53
96.38
96.23
96.08
95.93
95.77
95.61
95.45
95.28
95.12
94.95
94.77
94.60
94.42
94.24
94.05
93.87
93.68
93.48
93.29
93.09
92.89
92.69
92.48
92.28
92.07
91.85
91.64
91.42
91.20
90.98
90.75
90.52
90.29
90.06
89.82
89.59
89.35
89.10
88.86
88.61
88.36
88.11
87.86
87.60
87.34
87.08
86.82
86.55
86.29
86.02
85.74
85.47
85.19
84.91
84.63
84.35
84.07
83.78
83.49
83.20
82.91
82.61
82.31
82.02
81.71
81.41
81.11
80.80
80.49
80.18
79.87
79.55
79.24
78.92
78.60
78.27
77.95
77.63
77.30
76.97
76.64
76.31
75.97
75.63
75.30
74.96
74.62
74.27
73.93
73.58
73.24
72.89
72.54
72.18
71.83
71.48
71.12
70.76
70.40
70.04
69.68
69.31
68.95
68.58
68.21
67.84
67.47
67.10
66.73
66.35
65.98
65.60
65.22
64.84
64.46
64.08
63.70
63.31
62.93
62.54
62.15
61.76
61.37
60.98
60.59
60.20
59.80
59.41
59.01
58.62
58.22
57.82
57.42
57.02
56.62
56.22
55.82
55.41
55.01
54.60
54.20
53.79
53.38
52.98
52.57
52.16
51.75
51.34
50.93
50.52
50.11
49.70
49.28
48.87
48.46
48.04
47.63
47.22
46.80
46.39
45.97
45.56
45.14
44.72
44.31
43.89
43.48
43.06
42.64
42.23
41.81
41.40
40.98
40.56
40.15
39.73
39.32
38.90
38.49
38.07
37.66
37.24
36.83
36.41
36.00
35.59
35.18
34.76
34.35
33.94
33.53
33.12
32.71
32.31
31.90
31.49
31.09
30.68
30.28
29.87
29.47
29.07
28.67
28.27
27.87
27.48
27.08
26.69
26.29
25.90
25.51
25.12
24.73
24.35
23.96
23.58
23.20
22.82
22.44
22.06
21.68
21.31
20.94
20.57
20.20
19.83
19.47
19.11
18.75
18.39
18.03
17.68
17.33
16.98
16.63
16.29
15.94
15.60
15.27
14.93
14.60
14.27
13.94
13.62
13.30
12.98
12.66
12.35
12.04
11.73
11.43
11.13
10.83
10.54
10.25
9.96
9.67
9.39
9.11
8.84
8.57
8.30
8.03
7.77
7.52
7.26
7.01
6.77
6.53
6.29
6.06
5.82
5.60
5.38
5.16
4.94
4.73
4.53
4.33
4.13
3.94
3.75
3.57
3.39
3.21
3.04
2.87
2.71
2.55
2.40
2.25
2.11
1.97
1.84
1.71
1.59
1.47
1.35
1.24
1.14
1.04
0.94
0.86
0.77
0.69
0.62
0.55
0.48
0.42
0.37
0.32
0.28
0.24
0.20
0.18
0.15
0.14
0.12
0.12
0.11
0.12
0.13
0.14
0.16
0.18
0.21
0.25
0.29
0.33
0.39
0.44
0.50
0.57
0.64
0.72
0.80
0.89
0.98
1.08
1.18
1.29
1.41
1.53
1.65
1.78
1.91
2.05
2.20
2.35
2.50
2.66
2.83
3.00
3.17
3.35
3.54
3.73
3.92
4.12
4.32
4.53
4.74
4.96
5.18
5.41
5.64
5.88
6.12
6.37
6.62
6.87
7.13
7.39
7.66
7.93
8.21
8.48
8.77
9.06
9.35
9.64
9.94
10.25
10.55
10.87
11.18
11.50
11.82
12.15
12.48
12.81
13.15
13.49
13.83
14.18
14.53
14.88
15.23
15.59
15.96
16.32
16.69
17.06
17.43
17.81
18.19
18.57
18.96
19.35
19.74
20.13
20.52
20.92
21.32
21.72
22.13
22.53
22.94
23.35
23.76
24.18
24.59
25.01
25.43
25.86
26.28
26.70
27.13
27.56
27.99
28.42
28.85
29.29
29.72
30.16
30.60
31.04
31.48
31.92
32.36
32.81
33.25
33.70
34.14
34.59
35.04
35.49
35.94
36.39
36.84
37.29
37.74
38.19
38.65
39.10
39.55
40.01
40.46
40.91
41.37
41.82
42.28
42.73
43.18
43.64
44.09
44.55
45.00
45.46
45.91
46.36
46.82
47.27
47.72
48.17
48.62
49.07
49.53
49.98
50.42
50.87
51.32
51.77
52.22
52.66
53.11
53.55
53.99
54.44
54.88
55.32
55.76
56.20
56.64
57.07
57.51
57.94
58.38
58.81
59.24
59.67
60.10
60.52
60.95
61.37
61.80
62.22
62.64
63.06
63.48
63.89
64.31
64.72
65.13
65.54
65.95
66.36
66.76
67.16
67.57
67.97
68.36
68.76
69.15
69.55